0	0	0	1	1731	578	0	0.666089	0.666089	0.969488	0.969488	0.687052	0.687052	0.011335	0.011335	0.011692	0.011692
0	0	0	2	1153	202	0	0.824805	0.549393	0.975551	0.945785	0.845476	0.580886	0.011195	0.011959	0.011476	0.012644
0	0	0	3	951	93	0	0.902208	0.495667	0.975008	0.922148	0.925334	0.537514	0.009632	0.012017	0.009879	0.013032
0	0	0	4	858	84	0	0.902098	0.447140	0.974799	0.898909	0.925420	0.497426	0.010146	0.011950	0.010408	0.013294
0	0	0	5	774	75	1	0.903038	0.403785	0.975626	0.876998	0.925599	0.460417	0.010640	0.011794	0.010905	0.013448
0	0	0	6	698	84	0	0.879656	0.355192	0.975662	0.855654	0.901599	0.415112	0.012315	0.011505	0.012622	0.013445
0	0	0	7	614	52	0	0.915309	0.325110	0.975465	0.834661	0.938331	0.389512	0.011236	0.011261	0.011519	0.013492
0	0	0	8	562	45	0	0.919929	0.299078	0.975348	0.814085	0.943180	0.367380	0.011448	0.011008	0.011738	0.013522
0	0	0	9	517	34	0	0.934236	0.279410	0.975229	0.793920	0.957965	0.351937	0.010901	0.010788	0.011178	0.013589
0	0	0	10	483	35	0	0.927536	0.259163	0.974447	0.773632	0.951859	0.334995	0.011796	0.010535	0.012106	0.013618
0	0	1	1	294	107	0	0.636054	0.636054	0.957952	0.957952	0.663973	0.663973	0.028060	0.028060	0.029292	0.029292
0	0	1	2	187	48	0	0.743316	0.472789	0.974447	0.933473	0.762807	0.506484	0.031942	0.029117	0.032780	0.031193
0	0	1	3	139	30	0	0.784173	0.370748	0.975827	0.910909	0.803598	0.407009	0.034894	0.028169	0.035758	0.030925
0	0	1	4	109	40	0	0.633028	0.234694	0.976900	0.889866	0.647996	0.263741	0.046165	0.024717	0.047257	0.027776
0	0	1	5	69	24	0	0.652174	0.153061	0.980387	0.872414	0.665221	0.175446	0.057337	0.020998	0.058484	0.024069
0	0	1	6	45	14	0	0.688889	0.105442	0.985671	0.859913	0.698903	0.122620	0.069012	0.017912	0.070015	0.020830
0	0	1	7	31	4	1	0.868852	0.091614	0.984284	0.846399	0.882725	0.108239	0.061123	0.016844	0.062099	0.019901
0	0	1	8	26	5	0	0.807692	0.073996	0.987375	0.835713	0.818020	0.088542	0.077292	0.015337	0.078280	0.018353
0	0	1	9	21	10	0	0.523810	0.038760	0.984411	0.822685	0.532105	0.047114	0.108985	0.011383	0.110711	0.013837
0	0	1	10	11	2	0	0.818182	0.031712	0.982590	0.808362	0.832679	0.039230	0.116291	0.010347	0.118352	0.012800
0	1	0	1	1790	550	0	0.692737	0.692737	0.970108	0.970108	0.714083	0.714083	0.010905	0.010905	0.011241	0.011241
0	1	0	2	1240	188	2	0.848265	0.587625	0.974322	0.945197	0.870621	0.621695	0.010192	0.011637	0.010461	0.012312
0	1	0	3	1050	111	0	0.894286	0.525504	0.975104	0.921665	0.917119	0.570168	0.009489	0.011806	0.009731	0.012810
0	1	0	4	939	100	0	0.893504	0.469540	0.974693	0.898341	0.916703	0.522675	0.010067	0.011801	0.010328	0.013137
0	1	0	5	839	88	1	0.895051	0.420262	0.974650	0.875568	0.918330	0.479988	0.010584	0.011673	0.010860	0.013332
0	1	0	6	750	56	0	0.925333	0.388883	0.974491	0.853233	0.949556	0.455776	0.009598	0.011530	0.009849	0.013514
0	1	0	7	694	62	0	0.910663	0.354141	0.973731	0.830819	0.935230	0.426255	0.010827	0.011313	0.011119	0.013617
0	1	0	8	632	49	0	0.922468	0.326684	0.974187	0.809373	0.946911	0.403626	0.010638	0.011095	0.010920	0.013708
0	1	0	9	583	46	0	0.921098	0.300908	0.973820	0.788183	0.945861	0.381774	0.011165	0.010851	0.011465	0.013767
0	1	0	10	537	41	0	0.923650	0.277933	0.974466	0.768058	0.947853	0.361865	0.011460	0.010599	0.011760	0.013800
0	1	1	1	305	105	0	0.655738	0.655738	0.965069	0.965069	0.679473	0.679473	0.027206	0.027206	0.028190	0.028190
0	1	1	2	200	43	0	0.785000	0.514754	0.974320	0.940285	0.805690	0.547445	0.029050	0.028617	0.029815	0.030435
0	1	1	3	157	43	0	0.726115	0.373770	0.976961	0.918623	0.743238	0.406881	0.035591	0.027703	0.036430	0.030157
0	1	1	4	114	23	0	0.798246	0.298361	0.977719	0.898154	0.816437	0.332193	0.037586	0.026199	0.038443	0.029169
0	1	1	5	91	25	0	0.725275	0.216393	0.975886	0.876496	0.743196	0.246885	0.046793	0.023579	0.047949	0.026901
0	1	1	6	66	21	0	0.681818	0.147541	0.976833	0.856191	0.697988	0.172323	0.057332	0.020307	0.058692	0.023718
0	1	1	7	45	9	0	0.800000	0.118033	0.977536	0.836958	0.818384	0.141026	0.059628	0.018475	0.060999	0.022074
0	1	1	8	36	9	0	0.750000	0.088525	0.979241	0.819583	0.765899	0.108012	0.072169	0.016265	0.073699	0.019845
0	1	1	9	27	4	0	0.851852	0.075410	0.983636	0.806172	0.866023	0.093541	0.068367	0.015120	0.069505	0.018755
0	1	1	10	23	3	0	0.869565	0.065574	0.981481	0.791242	0.885972	0.082874	0.070224	0.014174	0.071549	0.017913
0	2	0	1	1784	576	0	0.677130	0.677130	0.967984	0.967984	0.699526	0.699526	0.011070	0.011070	0.011436	0.011436
0	2	0	2	1208	215	1	0.821946	0.556564	0.971586	0.940479	0.845984	0.591788	0.011009	0.011763	0.011331	0.012507
0	2	0	3	992	127	2	0.871847	0.485239	0.972733	0.914835	0.896286	0.530411	0.010618	0.011836	0.010916	0.012938
0	2	0	4	863	82	0	0.904983	0.439133	0.973203	0.890320	0.929902	0.493230	0.009982	0.011756	0.010257	0.013204
0	2	0	5	781	66	0	0.915493	0.402023	0.973182	0.866443	0.940721	0.463992	0.009953	0.011616	0.010227	0.013407
0	2	0	6	715	65	0	0.909091	0.365475	0.972235	0.842386	0.935053	0.433857	0.010751	0.011410	0.011058	0.013545
0	2	0	7	650	55	0	0.915385	0.334551	0.972509	0.819229	0.941260	0.408373	0.010916	0.011181	0.011225	0.013648
0	2	0	8	595	55	0	0.907563	0.303626	0.972062	0.796341	0.933647	0.381276	0.011874	0.010897	0.012215	0.013684
0	2	0	9	540	46	1	0.914736	0.277737	0.971499	0.773645	0.941572	0.358998	0.012024	0.010616	0.012376	0.013721
0	2	0	10	493	32	0	0.935091	0.259710	0.970500	0.750823	0.963515	0.345900	0.011096	0.010394	0.011433	0.013843
0	2	1	1	258	87	0	0.662791	0.662791	0.959608	0.959608	0.690689	0.690689	0.029433	0.029433	0.030671	0.030671
0	2	1	2	171	40	0	0.766082	0.507752	0.971199	0.931971	0.788800	0.544815	0.032372	0.031125	0.033332	0.033397
0	2	1	3	131	24	0	0.816794	0.414729	0.975789	0.909407	0.837060	0.456043	0.033798	0.030673	0.034637	0.033728
0	2	1	4	107	31	0	0.710280	0.294574	0.977301	0.888765	0.726777	0.331442	0.043854	0.028380	0.044873	0.031932
0	2	1	5	76	22	0	0.710526	0.209302	0.979264	0.870335	0.725572	0.240485	0.052022	0.025327	0.053124	0.029100
0	2	1	6	54	14	0	0.740741	0.155039	0.975417	0.848939	0.759410	0.182626	0.059635	0.022534	0.061138	0.026543
0	2	1	7	40	5	0	0.875000	0.135659	0.975850	0.828437	0.896655	0.163753	0.052291	0.021319	0.053585	0.025733
0	2	1	8	35	11	0	0.685714	0.093023	0.975760	0.808355	0.702749	0.115077	0.078469	0.018084	0.080419	0.022371
0	2	1	9	24	4	0	0.833333	0.077519	0.976711	0.789530	0.853204	0.098184	0.076073	0.016648	0.077886	0.021087
0	2	1	10	20	1	0	0.950000	0.073643	0.973193	0.768365	0.976168	0.095844	0.048734	0.016261	0.050076	0.021163
0	3	0	1	1912	584	0	0.694561	0.694561	0.967398	0.967398	0.717968	0.717968	0.010534	0.010534	0.010889	0.010889
0	3	0	2	1328	223	0	0.832078	0.577929	0.972683	0.940972	0.855447	0.614183	0.010257	0.011295	0.010545	0.012004
0	3	0	3	1105	135	1	0.877773	0.507290	0.973322	0.915868	0.901832	0.553890	0.009856	0.011434	0.010126	0.012485
0	3	0	4	969	100	0	0.896801	0.454938	0.972910	0.891058	0.921772	0.510560	0.009773	0.011390	0.010045	0.012782
0	3	0	5	869	82	0	0.905639	0.412010	0.972338	0.866409	0.931403	0.475537	0.009917	0.011258	0.010199	0.012994
0	3	0	6	787	69	0	0.912325	0.375887	0.971715	0.841903	0.938881	0.446473	0.010081	0.011079	0.010375	0.013160
0	3	0	7	718	71	2	0.900976	0.338665	0.971773	0.818139	0.927147	0.413946	0.011155	0.010827	0.011479	0.013234
0	3	0	8	645	63	1	0.902250	0.305561	0.972092	0.795306	0.928153	0.384205	0.011698	0.010542	0.012034	0.013255
0	3	0	9	581	51	0	0.912220	0.278739	0.973146	0.773949	0.937393	0.360151	0.011740	0.010264	0.012064	0.013261
0	3	0	10	530	38	0	0.928302	0.258754	0.972233	0.752458	0.954814	0.343877	0.011206	0.010027	0.011526	0.013325
0	3	1	1	272	86	1	0.683241	0.683241	0.962990	0.962990	0.709500	0.709500	0.028234	0.028234	0.029319	0.029319
0	3	1	2	185	49	0	0.735135	0.502275	0.972791	0.936788	0.755697	0.536167	0.032442	0.030366	0.033350	0.032415
0	3	1	3	136	35	0	0.742647	0.373013	0.973947	0.912382	0.762513	0.408834	0.037487	0.029379	0.038490	0.032200
0	3	1	4	101	21	0	0.792079	0.295456	0.975307	0.889852	0.812134	0.332028	0.040381	0.027720	0.041403	0.031151
0	3	1	5	80	22	0	0.725000	0.214205	0.973575	0.866337	0.744678	0.247254	0.049922	0.024929	0.051277	0.028775
0	3	1	6	58	15	0	0.741379	0.158807	0.971982	0.842064	0.762750	0.188593	0.057496	0.022209	0.059153	0.026375
0	3	1	7	43	13	0	0.697674	0.110796	0.969092	0.816037	0.719926	0.135773	0.070037	0.019073	0.072271	0.023373
0	3	1	8	30	11	0	0.633333	0.070171	0.976476	0.796841	0.648591	0.088061	0.087981	0.015522	0.090101	0.019480
0	3	1	9	19	2	0	0.894737	0.062784	0.980009	0.780911	0.912988	0.080399	0.070406	0.014741	0.071842	0.018877
0	3	1	10	17	4	0	0.764706	0.048012	0.982004	0.766858	0.778720	0.062608	0.102879	0.012992	0.104765	0.016942
0	4	0	1	2071	656	1	0.683168	0.683168	0.968598	0.968598	0.705317	0.705317	0.010224	0.010224	0.010556	0.010556
0	4	0	2	1414	212	1	0.850018	0.580705	0.974186	0.943594	0.872541	0.615418	0.009497	0.010846	0.009749	0.011494
0	4	0	3	1201	149	1	0.875885	0.508631	0.974469	0.919503	0.898833	0.553158	0.009516	0.010990	0.009765	0.011952
0	4	0	4	1051	94	0	0.910561	0.463140	0.974438	0.895999	0.934448	0.516898	0.008803	0.010963	0.009034	0.012235
0	4	0	5	957	100	0	0.895507	0.414745	0.974071	0.872766	0.919345	0.475207	0.009888	0.010833	0.010152	0.012412
0	4	0	6	857	81	2	0.905374	0.375499	0.973319	0.849480	0.930193	0.442034	0.010004	0.010649	0.010278	0.012536
0	4	0	7	774	66	1	0.914674	0.343459	0.973222	0.826733	0.939840	0.415442	0.010045	0.010446	0.010321	0.012635
0	4	0	8	707	45	0	0.936351	0.321598	0.972637	0.804110	0.962693	0.399943	0.009181	0.010276	0.009440	0.012780
0	4	0	9	662	38	0	0.942598	0.303138	0.972062	0.781645	0.969689	0.387820	0.009041	0.010114	0.009300	0.012939
0	4	0	10	624	39	0	0.937500	0.284192	0.971653	0.759488	0.964851	0.374189	0.009690	0.009926	0.009973	0.013069
0	4	1	1	296	101	0	0.658784	0.658784	0.958393	0.958393	0.687384	0.687384	0.027558	0.027558	0.028754	0.028754
0	4	1	2	195	51	0	0.738462	0.486486	0.973395	0.932894	0.758646	0.521481	0.031471	0.029051	0.032331	0.031141
0	4	1	3	144	41	0	0.715278	0.347973	0.974019	0.908657	0.734357	0.382953	0.037607	0.027686	0.038610	0.030469
0	4	1	4	103	32	0	0.689320	0.239865	0.972949	0.884077	0.708486	0.271317	0.045598	0.024819	0.046866	0.028073
0	4	1	5	71	25	0	0.647887	0.155405	0.978327	0.864916	0.662240	0.179677	0.056684	0.021058	0.057940	0.024347
0	4	1	6	46	11	0	0.760870	0.118243	0.977064	0.845078	0.778730	0.139920	0.062892	0.018768	0.064368	0.022209
0	4	1	7	35	12	0	0.657143	0.077703	0.975823	0.824647	0.673425	0.094225	0.080233	0.015560	0.082221	0.018869
0	4	1	8	23	8	0	0.652174	0.050676	0.976422	0.805203	0.667922	0.062935	0.099311	0.012749	0.101709	0.015833
0	4	1	9	15	6	0	0.600000	0.030405	0.978544	0.787927	0.613156	0.038589	0.126491	0.009980	0.129265	0.012666
0	4	1	10	9	2	0	0.777778	0.023649	0.982952	0.774495	0.791267	0.030534	0.138580	0.008832	0.140983	0.011404
0	5	0	1	2056	625	3	0.695790	0.695790	0.969095	0.969095	0.717979	0.717979	0.010150	0.010150	0.010474	0.010474
0	5	0	2	1428	224	1	0.843082	0.586608	0.973116	0.943042	0.866374	0.622038	0.009627	0.010867	0.009893	0.011524
0	5	0	3	1203	133	1	0.889397	0.521727	0.974176	0.918688	0.912974	0.567905	0.009045	0.011026	0.009284	0.012002
0	5	0	4	1069	80	2	0.925094	0.482647	0.974682	0.895429	0.949123	0.539012	0.008055	0.011032	0.008264	0.012320
0	5	0	5	987	105	0	0.893617	0.431301	0.973962	0.872113	0.917507	0.494547	0.009814	0.010937	0.010077	0.012541
0	5	0	6	882	70	0	0.920635	0.397071	0.974743	0.850086	0.944490	0.467095	0.009102	0.010807	0.009338	0.012713
0	5	0	7	812	63	5	0.922174	0.366169	0.974408	0.828331	0.946395	0.442056	0.009416	0.010644	0.009663	0.012850
0	5	0	8	744	58	3	0.921886	0.337566	0.973884	0.806698	0.946607	0.418454	0.009848	0.010454	0.010112	0.012960
0	5	0	9	683	57	0	0.916545	0.309394	0.973326	0.785180	0.941662	0.394042	0.010583	0.010226	0.010873	0.013024
0	5	0	10	626	48	1	0.923261	0.285652	0.973030	0.764004	0.948852	0.373887	0.010643	0.009999	0.010938	0.013088
0	5	1	1	293	79	0	0.730375	0.730375	0.968865	0.968865	0.753847	0.753847	0.025925	0.025925	0.026758	0.026758
0	5	1	2	214	42	0	0.803738	0.587031	0.974549	0.944206	0.824729	0.621719	0.027150	0.028764	0.027859	0.030464
0	5	1	3	172	42	0	0.755814	0.443686	0.975892	0.921443	0.774485	0.481512	0.032757	0.029024	0.033566	0.031499
0	5	1	4	130	31	0	0.761538	0.337884	0.975695	0.899048	0.780508	0.375824	0.037375	0.027632	0.038306	0.030735
0	5	1	5	99	25	0	0.747475	0.252560	0.976867	0.878250	0.765176	0.287572	0.043665	0.025383	0.044699	0.028901
0	5	1	6	74	14	0	0.810811	0.204778	0.977830	0.858779	0.829194	0.238453	0.045529	0.023575	0.046562	0.027452
0	5	1	7	60	14	0	0.766667	0.156997	0.976911	0.838950	0.784787	0.187135	0.054603	0.021253	0.055893	0.025333
0	5	1	8	46	12	0	0.739130	0.116041	0.977272	0.819883	0.756320	0.141534	0.064743	0.018711	0.066249	0.022821
0	5	1	9	34	8	0	0.764706	0.088737	0.975873	0.800102	0.783612	0.110907	0.072747	0.016613	0.074545	0.020763
0	5	1	10	26	2	0	0.923077	0.081911	0.978768	0.783114	0.943101	0.104597	0.052259	0.016021	0.053393	0.020458
0	6	0	1	2289	660	3	0.711475	0.711475	0.968365	0.968365	0.734718	0.734718	0.009473	0.009473	0.009783	0.009783
0	6	0	2	1626	250	0	0.846248	0.602085	0.972214	0.941458	0.870434	0.639524	0.008945	0.010236	0.009201	0.010872
0	6	0	3	1376	147	1	0.893130	0.537740	0.971966	0.915065	0.918890	0.587652	0.008330	0.010427	0.008570	0.011395
0	6	0	4	1228	131	0	0.893322	0.480375	0.971771	0.889234	0.919273	0.540213	0.008809	0.010450	0.009065	0.011752
0	6	0	5	1097	105	0	0.904284	0.434396	0.972140	0.864460	0.930200	0.502506	0.008883	0.010369	0.009137	0.011994
0	6	0	6	992	85	0	0.914315	0.397174	0.972256	0.840476	0.940405	0.472559	0.008887	0.010236	0.009140	0.012179
0	6	0	7	907	70	0	0.922822	0.366521	0.970995	0.816098	0.950388	0.449114	0.008861	0.010080	0.009126	0.012352
0	6	0	8	837	61	1	0.927077	0.339794	0.971398	0.792756	0.954374	0.428623	0.008990	0.009909	0.009255	0.012500
0	6	0	9	775	69	0	0.910968	0.309541	0.971414	0.770094	0.937775	0.401952	0.010230	0.009673	0.010531	0.012561
0	6	0	10	706	54	0	0.923513	0.285865	0.971812	0.748387	0.950300	0.381975	0.010003	0.009455	0.010293	0.012633
0	6	1	1	276	84	0	0.695652	0.695652	0.964353	0.964353	0.721367	0.721367	0.027697	0.027697	0.028720	0.028720
0	6	1	2	192	37	0	0.807292	0.561594	0.979631	0.944710	0.824077	0.594462	0.028465	0.029867	0.029057	0.031615
0	6	1	3	155	33	0	0.787097	0.442029	0.978412	0.924315	0.804464	0.478223	0.032881	0.029893	0.033606	0.032341
0	6	1	4	122	26	1	0.786008	0.347438	0.976968	0.903027	0.804538	0.384749	0.037207	0.028681	0.038084	0.031761
0	6	1	5	95	20	0	0.789474	0.274293	0.973626	0.879210	0.810860	0.311977	0.041827	0.026905	0.042960	0.030601
0	6	1	6	75	19	0	0.746667	0.204806	0.975945	0.858061	0.765070	0.238685	0.050220	0.024358	0.051458	0.028388
0	6	1	7	56	15	0	0.732143	0.149947	0.980361	0.841210	0.746809	0.178252	0.059177	0.021562	0.060363	0.025632
0	6	1	8	41	10	0	0.756098	0.113375	0.975462	0.820568	0.775118	0.138166	0.067066	0.019155	0.068754	0.023344
0	6	1	9	31	5	0	0.838710	0.095088	0.976137	0.800986	0.859213	0.118714	0.066059	0.017726	0.067673	0.022130
0	6	1	10	26	4	0	0.846154	0.080459	0.976408	0.782090	0.866598	0.102877	0.070759	0.016439	0.072469	0.021019
0	7	0	1	2308	705	1	0.694475	0.694475	0.969263	0.969263	0.716497	0.716497	0.009589	0.009589	0.009893	0.009893
0	7	0	2	1602	245	2	0.846971	0.588200	0.974299	0.944352	0.869313	0.622861	0.008998	0.010247	0.009235	0.010851
0	7	0	3	1355	139	1	0.897379	0.527838	0.974758	0.920515	0.920617	0.573416	0.008245	0.010396	0.008459	0.011294
0	7	0	4	1215	102	0	0.916049	0.483526	0.974505	0.897046	0.940015	0.539020	0.007956	0.010408	0.008164	0.011603
0	7	0	5	1113	111	0	0.900270	0.435303	0.973553	0.873322	0.924726	0.498445	0.008982	0.010328	0.009226	0.011826
0	7	0	6	1002	100	0	0.900200	0.391860	0.973271	0.849979	0.924922	0.461023	0.009469	0.010170	0.009729	0.011965
0	7	0	7	902	73	1	0.919024	0.360129	0.973585	0.827527	0.943958	0.435187	0.009086	0.010001	0.009332	0.012086
0	7	0	8	828	50	0	0.939614	0.338382	0.973537	0.805628	0.965154	0.420022	0.008278	0.009859	0.008503	0.012238
0	7	0	9	778	49	1	0.936977	0.317056	0.972927	0.783818	0.963050	0.404502	0.008715	0.009697	0.008957	0.012371
0	7	0	10	728	50	0	0.931319	0.295280	0.972001	0.761871	0.958146	0.387572	0.009374	0.009507	0.009644	0.012479
0	7	1	1	289	103	0	0.643599	0.643599	0.961730	0.961730	0.669209	0.669209	0.028173	0.028173	0.029294	0.029294
0	7	1	2	186	40	0	0.784946	0.505190	0.969966	0.932846	0.809251	0.541558	0.030126	0.029410	0.031058	0.031527
0	7	1	3	146	36	0	0.753425	0.380623	0.970480	0.905308	0.776343	0.420435	0.035671	0.028561	0.036756	0.031549
0	7	1	4	110	16	1	0.853881	0.325007	0.969940	0.878094	0.880344	0.370127	0.033756	0.027565	0.034802	0.031392
0	7	1	5	93	24	0	0.741935	0.241134	0.970422	0.852122	0.764549	0.282981	0.045374	0.025214	0.046757	0.029589
0	7	1	6	69	12	0	0.826087	0.199198	0.971358	0.827715	0.850446	0.240660	0.045630	0.023556	0.046976	0.028460
0	7	1	7	57	13	0	0.771930	0.153767	0.972040	0.804573	0.794134	0.191116	0.055576	0.021289	0.057174	0.026460
0	7	1	8	44	13	0	0.704545	0.108336	0.977796	0.786708	0.720544	0.137707	0.068782	0.018353	0.070344	0.023329
0	7	1	9	31	5	0	0.838710	0.090862	0.986818	0.776338	0.849913	0.117039	0.066059	0.016975	0.066941	0.021865
0	7	1	10	26	8	0	0.692308	0.062905	0.984954	0.764657	0.702883	0.082265	0.090515	0.014344	0.091898	0.018759
0	8	0	1	2432	651	0	0.732319	0.732319	0.969278	0.969278	0.755531	0.755531	0.008978	0.008978	0.009263	0.009263
0	8	0	2	1781	258	1	0.855097	0.626204	0.972989	0.943097	0.878835	0.663987	0.008342	0.009811	0.008574	0.010403
0	8	0	3	1522	170	0	0.888305	0.556260	0.972651	0.917304	0.913282	0.606407	0.008074	0.010076	0.008301	0.010984
0	8	0	4	1352	132	1	0.902331	0.501930	0.972247	0.891847	0.928088	0.562799	0.008075	0.010141	0.008306	0.011370
0	8	0	5	1219	116	0	0.904840	0.454167	0.971811	0.866706	0.931087	0.524015	0.008404	0.010099	0.008648	0.011652
0	8	0	6	1103	104	0	0.905712	0.411344	0.971651	0.842136	0.932137	0.488453	0.008799	0.009982	0.009056	0.011853
0	8	0	7	999	85	1	0.914872	0.376327	0.971849	0.818429	0.941373	0.459817	0.008832	0.009828	0.009087	0.012008
0	8	0	8	913	61	0	0.933187	0.351184	0.971622	0.795204	0.960442	0.441628	0.008264	0.009684	0.008505	0.012178
0	8	0	9	852	53	0	0.937793	0.329338	0.970681	0.771889	0.966119	0.426665	0.008275	0.009535	0.008525	0.012353
0	8	0	10	799	56	1	0.929869	0.306241	0.969990	0.748725	0.958637	0.409016	0.009037	0.009353	0.009317	0.012492
0	8	1	1	284	95	1	0.664903	0.664903	0.963301	0.963301	0.690234	0.690234	0.028034	0.028034	0.029102	0.029102
0	8	1	2	188	48	0	0.744681	0.495141	0.973321	0.937601	0.765093	0.528093	0.031802	0.029714	0.032673	0.031692
0	8	1	3	140	26	0	0.814286	0.403186	0.978502	0.917444	0.832176	0.439466	0.032866	0.029159	0.033588	0.031783
0	8	1	4	114	30	0	0.736842	0.297084	0.977999	0.897259	0.753418	0.331102	0.041242	0.027169	0.042170	0.030280
0	8	1	5	84	19	0	0.773810	0.229887	0.980436	0.879705	0.789251	0.261322	0.045647	0.025018	0.046558	0.028439
0	8	1	6	65	14	0	0.784615	0.180373	0.982910	0.864671	0.798258	0.208603	0.050989	0.022863	0.051876	0.026441
0	8	1	7	51	10	0	0.803922	0.145005	0.983771	0.850638	0.817183	0.170467	0.055595	0.020937	0.056512	0.024614
0	8	1	8	41	6	0	0.853659	0.123785	0.983070	0.836237	0.868360	0.148026	0.055199	0.019584	0.056150	0.023419
0	8	1	9	35	4	0	0.885714	0.109638	0.983663	0.822575	0.900425	0.133287	0.053779	0.018579	0.054672	0.022587
0	8	1	10	31	9	0	0.709677	0.077808	0.982974	0.808570	0.721969	0.096229	0.081525	0.015929	0.082937	0.019701
0	9	0	1	2652	757	2	0.714447	0.714447	0.968981	0.968981	0.737318	0.737318	0.008772	0.008772	0.009053	0.009053
0	9	0	2	1893	275	1	0.854690	0.610631	0.973729	0.943525	0.877749	0.647180	0.008101	0.009472	0.008319	0.010039
0	9	0	3	1617	161	0	0.900433	0.549832	0.973784	0.918790	0.924674	0.598431	0.007446	0.009665	0.007647	0.010519
0	9	0	4	1456	132	1	0.909310	0.499967	0.973740	0.894662	0.933832	0.558834	0.007527	0.009714	0.007730	0.010858
0	9	0	5	1323	106	1	0.919849	0.459894	0.974163	0.871547	0.944246	0.527676	0.007466	0.009684	0.007665	0.011111
0	9	0	6	1216	103	0	0.915296	0.420940	0.973374	0.848341	0.940333	0.496191	0.007985	0.009594	0.008203	0.011309
0	9	0	7	1113	79	1	0.928989	0.391048	0.972688	0.825171	0.955074	0.473900	0.007700	0.009484	0.007917	0.011494
0	9	0	8	1033	91	3	0.911779	0.356549	0.971430	0.801596	0.938595	0.444800	0.008831	0.009311	0.009090	0.011616
0	9	0	9	939	66	0	0.929712	0.331488	0.971882	0.779056	0.956611	0.425500	0.008342	0.009154	0.008584	0.011750
0	9	0	10	873	67	0	0.923253	0.306048	0.971540	0.756884	0.950299	0.404352	0.009009	0.008963	0.009273	0.011842
0	9	1	1	302	111	0	0.632450	0.632450	0.956771	0.956771	0.661026	0.661026	0.027744	0.027744	0.028997	0.028997
0	9	1	2	191	50	0	0.738220	0.466887	0.967130	0.925322	0.763310	0.504567	0.031809	0.028709	0.032890	0.031026
0	9	1	3	141	34	1	0.758007	0.353904	0.969867	0.897440	0.781558	0.394348	0.036133	0.027534	0.037255	0.030681
0	9	1	4	106	29	0	0.726415	0.257081	0.974611	0.874654	0.745339	0.293923	0.043300	0.025197	0.044428	0.028808
0	9	1	5	77	21	0	0.727273	0.186968	0.975269	0.853023	0.745715	0.219183	0.050754	0.022496	0.052041	0.026372
0	9	1	6	56	16	0	0.714286	0.133549	0.981109	0.836909	0.728039	0.159574	0.060368	0.019636	0.061531	0.023463
0	9	1	7	40	7	0	0.825000	0.110178	0.979789	0.819994	0.842018	0.134364	0.060078	0.018078	0.061317	0.022046
0	9	1	8	33	5	0	0.848485	0.093484	0.978040	0.801987	0.867536	0.116566	0.062416	0.016810	0.063817	0.020960
0	9	1	9	28	6	0	0.785714	0.073452	0.975437	0.782288	0.805500	0.093894	0.077544	0.015066	0.079497	0.019259
0	9	1	10	22	5	0	0.772727	0.056758	0.977932	0.765024	0.790165	0.074191	0.089346	0.013364	0.091362	0.017469
0	10	0	1	2748	830	1	0.697907	0.697907	0.970280	0.970280	0.719285	0.719285	0.008760	0.008760	0.009028	0.009028
0	10	0	2	1917	258	1	0.865380	0.603955	0.973951	0.945005	0.888525	0.639102	0.007797	0.009331	0.008005	0.009874
0	10	0	3	1658	162	0	0.902292	0.544943	0.973280	0.919754	0.927063	0.592488	0.007292	0.009502	0.007492	0.010331
0	10	0	4	1496	137	0	0.908422	0.495039	0.973153	0.895061	0.933484	0.553078	0.007457	0.009540	0.007663	0.010659
0	10	0	5	1359	99	3	0.927072	0.458937	0.972988	0.870884	0.952809	0.526978	0.007057	0.009510	0.007253	0.010920
0	10	0	6	1257	97	2	0.922771	0.423493	0.973165	0.847514	0.948216	0.499689	0.007533	0.009432	0.007740	0.011129
0	10	0	7	1158	101	1	0.912743	0.386540	0.973205	0.824805	0.937873	0.468645	0.008295	0.009298	0.008523	0.011273
0	10	0	8	1056	77	0	0.927083	0.358355	0.972872	0.802429	0.952935	0.446588	0.008001	0.009158	0.008224	0.011413
0	10	0	9	979	68	0	0.930541	0.333464	0.971558	0.779607	0.957783	0.427734	0.008125	0.009005	0.008363	0.011551
0	10	0	10	911	63	0	0.930845	0.310404	0.971016	0.757010	0.958631	0.410039	0.008406	0.008839	0.008657	0.011676
0	10	1	1	340	95	1	0.720177	0.720177	0.964120	0.964120	0.746978	0.746978	0.024364	0.024364	0.025270	0.025270
0	10	1	2	244	67	0	0.725410	0.522423	0.972262	0.937378	0.746105	0.557324	0.028572	0.027125	0.029387	0.028937
0	10	1	3	177	52	0	0.706215	0.368943	0.972946	0.912018	0.725852	0.404535	0.034237	0.026208	0.035189	0.028737
0	10	1	4	125	30	0	0.760000	0.280397	0.972041	0.886519	0.781860	0.316290	0.038199	0.024400	0.039298	0.027523
0	10	1	5	95	28	0	0.705263	0.197753	0.970861	0.860687	0.726430	0.229762	0.046777	0.021637	0.048181	0.025139
0	10	1	6	67	23	0	0.656716	0.129868	0.972839	0.837310	0.675051	0.155101	0.058007	0.018262	0.059626	0.021810
0	10	1	7	44	10	1	0.770115	0.100013	0.973299	0.814953	0.791242	0.122723	0.063795	0.016323	0.065545	0.020029
0	10	1	8	33	6	0	0.818182	0.081829	0.983646	0.801626	0.831784	0.102079	0.067141	0.014948	0.068257	0.018647
0	10	1	9	27	1	0	0.962963	0.078798	0.982739	0.787789	0.979877	0.100025	0.036345	0.014698	0.036983	0.018658
0	10	1	10	26	2	0	0.923077	0.072737	0.982807	0.774244	0.939225	0.093946	0.052259	0.014179	0.053173	0.018313
0	11	0	1	2831	893	6	0.684229	0.684229	0.968769	0.968769	0.706287	0.706287	0.008741	0.008741	0.009023	0.009023
0	11	0	2	1932	271	4	0.859585	0.588153	0.973475	0.943073	0.883007	0.623657	0.007908	0.009259	0.008124	0.009818
0	11	0	3	1657	152	0	0.908268	0.534201	0.973520	0.918100	0.932973	0.581855	0.007091	0.009387	0.007284	0.010224
0	11	0	4	1505	145	0	0.903654	0.482733	0.973030	0.893339	0.928702	0.540369	0.007606	0.009406	0.007817	0.010528
0	11	0	5	1360	127	1	0.906583	0.437638	0.972708	0.868958	0.932020	0.503635	0.007893	0.009339	0.008114	0.010748
0	11	0	6	1232	101	1	0.917986	0.401745	0.972065	0.844683	0.944367	0.475617	0.007819	0.009231	0.008044	0.010928
0	11	0	7	1130	82	1	0.927402	0.372579	0.971793	0.820857	0.954320	0.453890	0.007721	0.009105	0.007945	0.011093
0	11	0	8	1047	85	0	0.918816	0.342332	0.971009	0.797060	0.946249	0.429493	0.008441	0.008938	0.008693	0.011213
0	11	0	9	962	77	0	0.919958	0.314931	0.970314	0.773398	0.948103	0.407204	0.008749	0.008751	0.009017	0.011315
0	11	0	10	885	59	1	0.933296	0.293924	0.969996	0.750193	0.962164	0.391797	0.008390	0.008584	0.008649	0.011442
0	11	1	1	290	105	0	0.637931	0.637931	0.964394	0.964394	0.661484	0.661484	0.028222	0.028222	0.029264	0.029264
0	11	1	2	185	50	0	0.729730	0.465517	0.969543	0.935022	0.752653	0.497868	0.032651	0.029291	0.033677	0.031327
0	11	1	3	135	33	0	0.755556	0.351724	0.974668	0.911336	0.775192	0.385943	0.036988	0.028040	0.037949	0.030768
0	11	1	4	102	28	0	0.725490	0.255172	0.974565	0.888156	0.744425	0.287306	0.044187	0.025600	0.045340	0.028824
0	11	1	5	74	16	0	0.783784	0.200000	0.977427	0.868108	0.801884	0.230386	0.047855	0.023489	0.048960	0.027057
0	11	1	6	58	7	0	0.879310	0.175862	0.980978	0.851595	0.896361	0.206509	0.042775	0.022356	0.043605	0.026251
0	11	1	7	51	11	0	0.784314	0.137931	0.978627	0.833394	0.801443	0.165505	0.057593	0.020249	0.058851	0.024297
0	11	1	8	40	9	0	0.775000	0.106897	0.982089	0.818467	0.789134	0.130606	0.066026	0.018144	0.067230	0.022168
0	11	1	9	31	4	0	0.870968	0.093103	0.980536	0.802536	0.888257	0.116012	0.060210	0.017063	0.061405	0.021262
0	11	1	10	27	3	0	0.888889	0.082759	0.979762	0.786294	0.907250	0.105251	0.060481	0.016179	0.061731	0.020576
0	12	0	1	3010	879	2	0.707876	0.707876	0.971190	0.971190	0.728875	0.728875	0.008290	0.008290	0.008536	0.008536
0	12	0	2	2129	312	0	0.853452	0.604139	0.974276	0.946207	0.875986	0.638485	0.007665	0.008916	0.007867	0.009423
0	12	0	3	1817	181	2	0.900330	0.543924	0.973644	0.921269	0.924702	0.590408	0.007029	0.009081	0.007220	0.009858
0	12	0	4	1634	132	2	0.919167	0.499958	0.973382	0.896747	0.944302	0.557524	0.006745	0.009118	0.006930	0.010168
0	12	0	5	1500	135	0	0.910000	0.454961	0.972309	0.871915	0.935917	0.521796	0.007389	0.009083	0.007600	0.010417
0	12	0	6	1365	111	1	0.918652	0.417951	0.971210	0.846812	0.945883	0.493558	0.007401	0.008998	0.007620	0.010625
0	12	0	7	1253	107	1	0.914571	0.382246	0.970008	0.821415	0.942849	0.465350	0.007898	0.008866	0.008142	0.010794
0	12	0	8	1145	89	2	0.922203	0.352508	0.969673	0.796504	0.951045	0.442569	0.007919	0.008719	0.008167	0.010946
0	12	0	9	1054	76	0	0.927894	0.327090	0.969946	0.772566	0.956644	0.423382	0.007967	0.008564	0.008214	0.011085
0	12	0	10	978	60	0	0.938650	0.307023	0.970290	0.749613	0.967391	0.409576	0.007673	0.008421	0.007908	0.011234
0	12	1	1	338	103	0	0.695266	0.695266	0.962181	0.962181	0.722594	0.722594	0.025037	0.025037	0.026021	0.026021
0	12	1	2	235	57	1	0.756930	0.526268	0.972419	0.935643	0.778399	0.562466	0.028011	0.027174	0.028805	0.029043
0	12	1	3	177	42	0	0.762712	0.401391	0.973113	0.910486	0.783786	0.440853	0.031977	0.026697	0.032860	0.029322
0	12	1	4	135	33	0	0.755556	0.303273	0.974297	0.887084	0.775488	0.341876	0.036988	0.025046	0.037963	0.028234
0	12	1	5	102	23	0	0.774510	0.234888	0.976322	0.866080	0.793293	0.271208	0.041379	0.023104	0.042382	0.026676
0	12	1	6	79	17	0	0.784810	0.184342	0.975165	0.844571	0.804797	0.218268	0.046236	0.021136	0.047413	0.025025
0	12	1	7	62	9	0	0.854839	0.157583	0.977388	0.825473	0.874616	0.190900	0.044737	0.019861	0.045773	0.024060
0	12	1	8	53	12	1	0.771429	0.121564	0.976586	0.806145	0.789924	0.150797	0.057953	0.017836	0.059343	0.022126
0	12	1	9	40	9	0	0.775000	0.094212	0.979224	0.789397	0.791443	0.119347	0.066026	0.015984	0.067426	0.020249
0	12	1	10	31	6	0	0.806452	0.075978	0.983070	0.776032	0.820340	0.097905	0.070958	0.014521	0.072180	0.018712
0	13	0	1	3159	969	6	0.692966	0.692966	0.969681	0.969681	0.714633	0.714633	0.008211	0.008211	0.008467	0.008467
0	13	0	2	2184	327	2	0.850206	0.589164	0.973647	0.944127	0.873218	0.624030	0.007638	0.008761	0.007845	0.009279
0	13	0	3	1855	171	3	0.907742	0.534809	0.974191	0.919760	0.931791	0.581465	0.006722	0.008884	0.006900	0.009659
0	13	0	4	1681	161	0	0.904224	0.483587	0.973185	0.895097	0.929139	0.540262	0.007178	0.008903	0.007375	0.009946
0	13	0	5	1520	122	2	0.919684	0.444747	0.972744	0.870700	0.945453	0.510792	0.006973	0.008855	0.007169	0.010170
0	13	0	6	1396	103	0	0.926218	0.411933	0.972023	0.846341	0.952876	0.486722	0.006997	0.008772	0.007198	0.010365
0	13	0	7	1293	94	0	0.927301	0.381985	0.972322	0.822916	0.953697	0.464185	0.007221	0.008661	0.007426	0.010525
0	13	0	8	1199	92	1	0.923237	0.352663	0.971933	0.799819	0.949898	0.440929	0.007690	0.008519	0.007912	0.010651
0	13	0	9	1106	81	0	0.926763	0.326835	0.970955	0.776588	0.954486	0.420860	0.007834	0.008364	0.008068	0.010771
0	13	0	10	1025	66	0	0.935610	0.305790	0.970312	0.753533	0.964236	0.405809	0.007666	0.008217	0.007901	0.010905
0	13	1	1	340	93	1	0.726068	0.726068	0.966280	0.966280	0.751405	0.751405	0.024204	0.024204	0.025049	0.025049
0	13	1	2	246	53	0	0.784553	0.569639	0.974868	0.941995	0.804778	0.604715	0.026213	0.026885	0.026889	0.028541
0	13	1	3	193	49	0	0.746114	0.425015	0.973288	0.916832	0.766591	0.463569	0.031329	0.026849	0.032189	0.029285
0	13	1	4	144	34	0	0.763889	0.324664	0.975233	0.894125	0.783289	0.363109	0.035391	0.025434	0.036290	0.028446
0	13	1	5	110	20	0	0.818182	0.265635	0.978806	0.875175	0.835898	0.303522	0.036775	0.023992	0.037571	0.027414
0	13	1	6	90	17	0	0.811111	0.215459	0.981093	0.858627	0.826743	0.250934	0.041259	0.022334	0.042054	0.026011
0	13	1	7	73	12	0	0.835616	0.180041	0.981668	0.842887	0.851221	0.213601	0.043378	0.020872	0.044188	0.024763
0	13	1	8	61	11	0	0.819672	0.147575	0.983515	0.828992	0.833411	0.178017	0.049225	0.019268	0.050050	0.023242
0	13	1	9	50	6	0	0.880000	0.129866	0.982762	0.814702	0.895435	0.159403	0.045957	0.018262	0.046763	0.022415
0	13	1	10	44	3	0	0.931818	0.121011	0.984102	0.801750	0.946872	0.150934	0.037999	0.017718	0.038613	0.022099
0	14	0	1	3223	1011	6	0.686025	0.686025	0.971410	0.971410	0.706216	0.706216	0.008179	0.008179	0.008420	0.008420
0	14	0	2	2206	296	3	0.865729	0.593912	0.973986	0.946140	0.888851	0.627721	0.007262	0.008657	0.007455	0.009150
0	14	0	3	1907	202	2	0.894019	0.530968	0.973788	0.921340	0.918084	0.576300	0.007051	0.008800	0.007240	0.009551
0	14	0	4	1703	152	1	0.910720	0.483563	0.973759	0.897163	0.935262	0.538992	0.006911	0.008814	0.007097	0.009825
0	14	0	5	1550	146	0	0.905806	0.438015	0.973188	0.873108	0.930762	0.501673	0.007419	0.008753	0.007624	0.010025
0	14	0	6	1404	110	3	0.921569	0.403661	0.972537	0.849130	0.947593	0.475381	0.007179	0.008658	0.007382	0.010196
0	14	0	7	1291	94	2	0.927132	0.374247	0.971767	0.825156	0.954068	0.453546	0.007237	0.008542	0.007447	0.010352
0	14	0	8	1195	110	0	0.907950	0.339797	0.970453	0.800776	0.935594	0.424335	0.008363	0.008363	0.008618	0.010444
0	14	0	9	1085	72	0	0.933641	0.317248	0.970200	0.776912	0.962318	0.408345	0.007557	0.008220	0.007789	0.010580
0	14	0	10	1013	75	0	0.925962	0.293760	0.970204	0.753763	0.954400	0.389724	0.008227	0.008046	0.008479	0.010675
0	14	1	1	318	96	1	0.697638	0.697638	0.964585	0.964585	0.723252	0.723252	0.025775	0.025775	0.026722	0.026722
0	14	1	2	221	51	1	0.768707	0.536279	0.968716	0.934409	0.793532	0.573924	0.028396	0.028018	0.029313	0.029985
0	14	1	3	169	30	0	0.822485	0.441082	0.971284	0.907576	0.846802	0.486000	0.029393	0.027920	0.030262	0.030763
0	14	1	4	139	20	0	0.856115	0.377617	0.971014	0.881269	0.881672	0.428492	0.029769	0.027272	0.030658	0.030946
0	14	1	5	119	26	0	0.781513	0.295112	0.968532	0.853537	0.806905	0.345752	0.037880	0.025668	0.039111	0.030073
0	14	1	6	93	25	0	0.731183	0.215781	0.968216	0.826408	0.755186	0.261107	0.045973	0.023158	0.047482	0.028023
0	14	1	7	68	13	0	0.808824	0.174529	0.975937	0.806522	0.828766	0.216397	0.047686	0.021371	0.048862	0.026498
0	14	1	8	55	11	0	0.800000	0.139623	0.977767	0.788590	0.818191	0.177054	0.053936	0.019517	0.055162	0.024749
0	14	1	9	44	6	0	0.863636	0.120584	0.983060	0.775232	0.878518	0.155545	0.051735	0.018338	0.052627	0.023655
0	14	1	10	38	5	0	0.868421	0.104717	0.983390	0.762355	0.883089	0.137360	0.054836	0.017244	0.055762	0.022619
0	15	0	1	3455	1100	1	0.681575	0.681575	0.971528	0.971528	0.701549	0.701549	0.007926	0.007926	0.008159	0.008159
0	15	0	2	2354	352	1	0.850436	0.579635	0.973536	0.945818	0.873553	0.612841	0.007352	0.008399	0.007551	0.008880
0	15	0	3	2001	201	0	0.899550	0.521411	0.974095	0.921316	0.923473	0.565942	0.006720	0.008500	0.006899	0.009226
0	15	0	4	1800	170	3	0.905477	0.472126	0.973891	0.897261	0.929751	0.526185	0.006898	0.008496	0.007083	0.009469
0	15	0	5	1627	123	3	0.924331	0.436400	0.973642	0.873611	0.949355	0.499536	0.006560	0.008442	0.006737	0.009663
0	15	0	6	1501	116	3	0.922641	0.402641	0.972969	0.849997	0.948273	0.473697	0.006899	0.008350	0.007091	0.009824
0	15	0	7	1382	113	2	0.918175	0.369695	0.972369	0.826510	0.944266	0.447296	0.007376	0.008222	0.007585	0.009948
0	15	0	8	1267	96	0	0.924230	0.341683	0.972665	0.803917	0.950205	0.425023	0.007434	0.008081	0.007643	0.010052
0	15	0	9	1171	71	1	0.939342	0.320957	0.972286	0.781638	0.966117	0.410622	0.006977	0.007956	0.007176	0.010179
0	15	0	10	1099	60	1	0.945380	0.303427	0.971318	0.759219	0.973296	0.399656	0.006856	0.007837	0.007059	0.010322
0	15	1	1	330	94	0	0.715152	0.715152	0.964443	0.964443	0.741517	0.741517	0.024846	0.024846	0.025762	0.025762
0	15	1	2	236	72	0	0.694915	0.496970	0.969325	0.934859	0.716907	0.531599	0.029972	0.027524	0.030921	0.029441
0	15	1	3	164	25	0	0.847561	0.421212	0.976007	0.912429	0.868396	0.461638	0.028068	0.027180	0.028758	0.029789
0	15	1	4	139	26	0	0.812950	0.342424	0.976486	0.890974	0.832526	0.384326	0.033075	0.026122	0.033872	0.029318
0	15	1	5	113	20	0	0.823009	0.281818	0.979223	0.872462	0.840472	0.323015	0.035904	0.024765	0.036665	0.028386
0	15	1	6	93	14	0	0.849462	0.239394	0.981337	0.856179	0.865617	0.279607	0.037081	0.023490	0.037786	0.027436
0	15	1	7	79	10	0	0.873418	0.209091	0.980200	0.839227	0.891061	0.249147	0.037410	0.022386	0.038165	0.026674
0	15	1	8	69	8	0	0.884058	0.184848	0.983136	0.825074	0.899223	0.224039	0.038542	0.021368	0.039203	0.025899
0	15	1	9	61	8	0	0.868852	0.160606	0.983961	0.811840	0.883015	0.197830	0.043220	0.020212	0.043925	0.024896
0	15	1	10	53	7	0	0.867925	0.139394	0.987675	0.801834	0.878755	0.173844	0.046507	0.019066	0.047087	0.023778
0	16	0	1	3580	1153	1	0.677888	0.677888	0.972013	0.972013	0.697406	0.697406	0.007810	0.007810	0.008035	0.008035
0	16	0	2	2426	356	3	0.853166	0.578351	0.973957	0.946698	0.875979	0.610913	0.007188	0.008255	0.007380	0.008720
0	16	0	3	2067	195	0	0.905660	0.523789	0.973776	0.921872	0.930050	0.568180	0.006429	0.008350	0.006602	0.009058
0	16	0	4	1872	140	2	0.925174	0.484596	0.972928	0.896915	0.950917	0.540292	0.006083	0.008356	0.006252	0.009317
0	16	0	5	1730	136	4	0.921296	0.446457	0.971964	0.871770	0.947871	0.512127	0.006478	0.008314	0.006665	0.009537
0	16	0	6	1590	131	2	0.917558	0.409650	0.970987	0.846477	0.944974	0.483947	0.006900	0.008227	0.007106	0.009719
0	16	0	7	1457	127	1	0.912805	0.373930	0.970258	0.821302	0.940785	0.455290	0.007392	0.008097	0.007619	0.009859
0	16	0	8	1329	103	0	0.922498	0.344950	0.970550	0.797114	0.950490	0.432749	0.007335	0.007957	0.007557	0.009983
0	16	0	9	1226	83	1	0.932273	0.321587	0.970621	0.773696	0.960491	0.415651	0.007178	0.007821	0.007395	0.010108
0	16	0	10	1142	66	2	0.942156	0.302986	0.969657	0.750219	0.971638	0.403863	0.006911	0.007696	0.007127	0.010259
0	16	1	1	355	119	0	0.664789	0.664789	0.963844	0.963844	0.689727	0.689727	0.025055	0.025055	0.025994	0.025994
0	16	1	2	236	56	1	0.762208	0.506707	0.971796	0.936659	0.784329	0.540973	0.027742	0.026548	0.028547	0.028344
0	16	1	3	179	39	1	0.781513	0.395998	0.969133	0.907747	0.806404	0.436243	0.030929	0.026002	0.031914	0.028644
0	16	1	4	139	35	0	0.748201	0.296286	0.973026	0.883262	0.768943	0.335446	0.036815	0.024311	0.037836	0.027524
0	16	1	5	104	18	0	0.826923	0.245006	0.971719	0.858282	0.850990	0.285461	0.037097	0.022912	0.038176	0.026695
0	16	1	6	86	14	0	0.837209	0.205121	0.971544	0.833859	0.861731	0.245991	0.039809	0.021519	0.040975	0.025807
0	16	1	7	72	9	0	0.875000	0.179481	0.974516	0.812608	0.897882	0.220871	0.038976	0.020456	0.039995	0.025174
0	16	1	8	63	13	0	0.793651	0.142445	0.974591	0.791960	0.814343	0.179864	0.050985	0.018636	0.052315	0.023532
0	16	1	9	50	3	0	0.940000	0.133899	0.982234	0.777891	0.957002	0.172130	0.033586	0.018160	0.034193	0.023345
0	16	1	10	47	4	0	0.914894	0.122503	0.980926	0.763053	0.932684	0.160543	0.040702	0.017485	0.041494	0.022915
0	17	0	1	3555	1104	2	0.689364	0.689364	0.971102	0.971102	0.709878	0.709878	0.007762	0.007762	0.007993	0.007993
0	17	0	2	2449	352	3	0.856180	0.590220	0.973535	0.945401	0.879455	0.624306	0.007093	0.008251	0.007286	0.008727
0	17	0	3	2094	200	3	0.904421	0.533807	0.973292	0.920152	0.929238	0.580129	0.006427	0.008371	0.006604	0.009098
0	17	0	4	1891	157	0	0.916975	0.489488	0.972422	0.894776	0.942981	0.547050	0.006345	0.008390	0.006525	0.009377
0	17	0	5	1734	149	0	0.914072	0.447427	0.972065	0.869781	0.940339	0.514413	0.006730	0.008347	0.006924	0.009597
0	17	0	6	1585	116	0	0.926814	0.414681	0.971440	0.844941	0.954062	0.490781	0.006542	0.008271	0.006734	0.009789
0	17	0	7	1469	110	2	0.925068	0.383608	0.970681	0.820168	0.953009	0.467719	0.006872	0.008165	0.007079	0.009955
0	17	0	8	1357	84	0	0.938099	0.359862	0.970723	0.796156	0.966392	0.452000	0.006542	0.008060	0.006739	0.010124
0	17	0	9	1273	71	0	0.944226	0.339792	0.970064	0.772322	0.973365	0.439961	0.006432	0.007955	0.006630	0.010300
0	17	0	10	1202	78	2	0.935054	0.317724	0.970187	0.749297	0.963787	0.424029	0.007111	0.007821	0.007329	0.010437
0	17	1	1	359	106	0	0.704735	0.704735	0.964083	0.964083	0.730991	0.730991	0.024075	0.024075	0.024972	0.024972
0	17	1	2	253	73	0	0.711462	0.501393	0.967322	0.932579	0.735497	0.537641	0.028485	0.026389	0.029447	0.028297
0	17	1	3	180	28	0	0.844444	0.423398	0.969250	0.903902	0.871235	0.468412	0.027014	0.026077	0.027871	0.028850
0	17	1	4	152	29	0	0.809211	0.342618	0.969292	0.876145	0.834847	0.391052	0.031870	0.025048	0.032880	0.028588
0	17	1	5	123	24	1	0.804082	0.275493	0.974126	0.853476	0.825439	0.322790	0.035861	0.023592	0.036813	0.027643
0	17	1	6	98	14	0	0.857143	0.236137	0.975178	0.832291	0.878961	0.283719	0.035348	0.022445	0.036248	0.026967
0	17	1	7	84	22	0	0.738095	0.174292	0.973021	0.809837	0.758560	0.215218	0.047972	0.020069	0.049302	0.024781
0	17	1	8	62	8	0	0.870968	0.151802	0.977483	0.791602	0.891031	0.191766	0.042575	0.018989	0.043556	0.023988
0	17	1	9	54	7	0	0.870370	0.132124	0.976387	0.772909	0.891420	0.170944	0.045710	0.017925	0.046815	0.023192
0	17	1	10	47	4	0	0.914894	0.120880	0.982912	0.759702	0.930799	0.159115	0.040702	0.017259	0.041410	0.022718
0	18	0	1	3677	1121	3	0.695007	0.695007	0.972318	0.972318	0.714794	0.714794	0.007594	0.007594	0.007810	0.007810
0	18	0	2	2553	339	2	0.867163	0.602685	0.974329	0.947358	0.890010	0.636174	0.006718	0.008073	0.006895	0.008521
0	18	0	3	2212	216	1	0.902329	0.543820	0.974125	0.922845	0.926297	0.589286	0.006313	0.008218	0.006480	0.008905
0	18	0	4	1995	150	1	0.924793	0.502921	0.973585	0.898468	0.949884	0.559753	0.005905	0.008251	0.006065	0.009183
0	18	0	5	1844	143	0	0.922451	0.463920	0.972439	0.873706	0.948595	0.530980	0.006228	0.008230	0.006405	0.009420
0	18	0	6	1701	112	3	0.934098	0.433347	0.971895	0.849150	0.961110	0.510330	0.006018	0.008179	0.006192	0.009632
0	18	0	7	1586	99	1	0.937559	0.406288	0.970993	0.824519	0.965567	0.492758	0.006076	0.008108	0.006258	0.009834
0	18	0	8	1486	98	0	0.934051	0.379494	0.970083	0.799852	0.962857	0.474455	0.006438	0.008012	0.006637	0.010017
0	18	0	9	1388	87	1	0.937297	0.355699	0.970202	0.776018	0.966085	0.458364	0.006508	0.007906	0.006708	0.010187
0	18	0	10	1300	76	1	0.941516	0.334896	0.970480	0.753110	0.970155	0.444684	0.006509	0.007795	0.006707	0.010351
0	18	1	1	383	108	1	0.717647	0.717647	0.966127	0.966127	0.742808	0.742808	0.023016	0.023016	0.023823	0.023823
0	18	1	2	274	64	0	0.766423	0.550021	0.973125	0.940162	0.787590	0.585028	0.025561	0.025449	0.026267	0.027069
0	18	1	3	210	31	1	0.852029	0.468634	0.975156	0.916805	0.873736	0.511160	0.024531	0.025539	0.025156	0.027856
0	18	1	4	178	34	0	0.808989	0.379120	0.976459	0.895222	0.828492	0.423492	0.029464	0.024850	0.030174	0.027758
0	18	1	5	144	25	0	0.826389	0.313300	0.975677	0.873448	0.846990	0.358694	0.031565	0.023768	0.032351	0.027212
0	18	1	6	119	21	0	0.823529	0.258012	0.977733	0.853999	0.842285	0.302122	0.034946	0.022428	0.035742	0.026262
0	18	1	7	98	19	0	0.806122	0.207989	0.979682	0.836647	0.822841	0.248598	0.039935	0.020809	0.040763	0.024872
0	18	1	8	79	2	0	0.974684	0.202724	0.982844	0.822294	0.991697	0.246534	0.017673	0.020613	0.017982	0.025068
0	18	1	9	77	12	0	0.844156	0.171130	0.981176	0.806815	0.860351	0.212106	0.041334	0.019313	0.042127	0.023937
0	18	1	10	65	2	0	0.969231	0.165865	0.983196	0.793258	0.985796	0.209093	0.021420	0.019074	0.021786	0.024046
0	19	0	1	3942	1233	8	0.686897	0.686897	0.972179	0.972179	0.706554	0.706554	0.007390	0.007390	0.007602	0.007602
0	19	0	2	2701	340	5	0.874004	0.600351	0.974833	0.947712	0.896568	0.633474	0.006388	0.007809	0.006553	0.008239
0	19	0	3	2356	223	1	0.905328	0.543514	0.974498	0.923544	0.929020	0.588510	0.006032	0.007943	0.006190	0.008600
0	19	0	4	2132	175	0	0.917917	0.498901	0.974179	0.899697	0.942247	0.554521	0.005945	0.007975	0.006102	0.008864
0	19	0	5	1957	132	3	0.932498	0.465224	0.973600	0.875945	0.957783	0.531111	0.005674	0.007957	0.005827	0.009084
0	19	0	6	1822	112	2	0.938495	0.436611	0.973377	0.852625	0.964164	0.512079	0.005630	0.007914	0.005784	0.009281
0	19	0	7	1708	109	0	0.936183	0.408748	0.972337	0.829039	0.962817	0.493038	0.005914	0.007846	0.006083	0.009464
0	19	0	8	1599	100	2	0.937422	0.383169	0.971546	0.805449	0.964876	0.475721	0.006059	0.007760	0.006236	0.009635
0	19	0	9	1497	98	2	0.934492	0.358068	0.970970	0.782067	0.962431	0.457848	0.006397	0.007655	0.006588	0.009788
0	19	0	10	1397	86	1	0.938417	0.336018	0.971066	0.759439	0.966379	0.442455	0.006433	0.007544	0.006625	0.009934
0	19	1	1	374	110	0	0.705882	0.705882	0.967634	0.967634	0.729493	0.729493	0.023561	0.023561	0.024349	0.024349
0	19	1	2	264	56	0	0.787879	0.556150	0.973683	0.942168	0.809174	0.590287	0.025161	0.025691	0.025841	0.027268
0	19	1	3	208	34	0	0.836538	0.465241	0.978661	0.922063	0.854779	0.504565	0.025640	0.025792	0.026199	0.027972
0	19	1	4	174	24	0	0.862069	0.401070	0.978061	0.901834	0.881406	0.444727	0.026141	0.025343	0.026728	0.028102
0	19	1	5	150	28	0	0.813333	0.326203	0.977600	0.881633	0.831969	0.369999	0.031814	0.024242	0.032543	0.027497
0	19	1	6	122	21	0	0.827869	0.270053	0.978235	0.862444	0.846288	0.313126	0.034177	0.022958	0.034937	0.026620
0	19	1	7	101	8	1	0.920398	0.248557	0.978827	0.844184	0.940307	0.294434	0.027000	0.022353	0.027584	0.026479
0	19	1	8	92	16	0	0.826087	0.205329	0.980564	0.827776	0.842461	0.248049	0.039517	0.020915	0.040300	0.025267
0	19	1	9	76	5	0	0.934211	0.191821	0.986602	0.816686	0.946897	0.234877	0.028438	0.020393	0.028824	0.024971
0	19	1	10	71	3	0	0.957746	0.183716	0.987558	0.806525	0.969813	0.227787	0.023874	0.020061	0.024175	0.024874
0	20	0	1	4017	1262	9	0.685483	0.685483	0.971870	0.971870	0.705324	0.705324	0.007330	0.007330	0.007542	0.007542
0	20	0	2	2746	392	1	0.857221	0.587610	0.974613	0.947197	0.879550	0.620367	0.006677	0.007774	0.006851	0.008207
0	20	0	3	2353	217	1	0.907758	0.533408	0.974429	0.922976	0.931579	0.577921	0.005966	0.007879	0.006123	0.008537
0	20	0	4	2135	156	0	0.926932	0.494433	0.974039	0.899015	0.951638	0.549972	0.005632	0.007898	0.005782	0.008785
0	20	0	5	1979	148	4	0.925139	0.457419	0.973628	0.875306	0.950198	0.522582	0.005919	0.007871	0.006079	0.008992
0	20	0	6	1827	118	2	0.935378	0.427860	0.973533	0.852139	0.960808	0.502101	0.005754	0.007818	0.005910	0.009175
0	20	0	7	1707	111	2	0.934936	0.400021	0.973263	0.829355	0.960620	0.482328	0.005971	0.007743	0.006135	0.009336
0	20	0	8	1594	89	1	0.944148	0.377679	0.973714	0.807555	0.969636	0.467682	0.005753	0.007664	0.005908	0.009491
0	20	0	9	1504	76	2	0.949434	0.358582	0.973217	0.785926	0.975563	0.456254	0.005652	0.007583	0.005807	0.009649
0	20	0	10	1426	67	0	0.953015	0.341734	0.973234	0.764890	0.979225	0.446775	0.005604	0.007501	0.005758	0.009807
0	20	1	1	384	111	0	0.710938	0.710938	0.969047	0.969047	0.733646	0.733646	0.023134	0.023134	0.023873	0.023873
0	20	1	2	273	59	1	0.783486	0.557010	0.978570	0.948280	0.800644	0.587390	0.024950	0.025360	0.025497	0.026744
0	20	1	3	213	38	0	0.821596	0.457637	0.978215	0.927622	0.839893	0.493344	0.026233	0.025449	0.026817	0.027435
0	20	1	4	175	35	0	0.800000	0.366110	0.978493	0.907672	0.817584	0.403350	0.030237	0.024617	0.030902	0.027121
0	20	1	5	140	22	1	0.842294	0.308372	0.981753	0.891110	0.857948	0.346054	0.030858	0.023612	0.031432	0.026498
0	20	1	6	117	11	0	0.905983	0.279380	0.983333	0.876257	0.921339	0.318833	0.026982	0.022954	0.027439	0.026195
0	20	1	7	106	5	0	0.952830	0.266201	0.984343	0.862538	0.967986	0.308626	0.020591	0.022615	0.020919	0.026219
0	20	1	8	101	7	0	0.930693	0.247752	0.984944	0.849551	0.944920	0.291627	0.025271	0.022096	0.025658	0.026010
0	20	1	9	94	4	1	0.957219	0.237153	0.985664	0.837372	0.971141	0.283211	0.020928	0.021777	0.021232	0.026007
0	20	1	10	89	6	1	0.932203	0.221075	0.984926	0.824749	0.946471	0.268051	0.026723	0.021267	0.027132	0.025786
0	21	0	1	3943	1130	3	0.713307	0.713307	0.970620	0.970620	0.734898	0.734898	0.007203	0.007203	0.007421	0.007421
0	21	0	2	2810	347	2	0.876468	0.625191	0.973946	0.945331	0.899915	0.661346	0.006208	0.007712	0.006375	0.008158
0	21	0	3	2461	203	2	0.917480	0.573600	0.973866	0.920626	0.942101	0.623055	0.005548	0.007880	0.005697	0.008559
0	21	0	4	2256	180	2	0.920177	0.527814	0.973098	0.895859	0.945617	0.589171	0.005707	0.007955	0.005865	0.008880
0	21	0	5	2074	146	1	0.929588	0.490649	0.972323	0.871064	0.956048	0.563276	0.005618	0.007968	0.005778	0.009147
0	21	0	6	1927	118	1	0.938749	0.460597	0.972344	0.846974	0.965449	0.543814	0.005463	0.007945	0.005619	0.009381
0	21	0	7	1808	114	2	0.936912	0.431538	0.971516	0.822850	0.964381	0.524444	0.005719	0.007897	0.005887	0.009597
0	21	0	8	1692	103	2	0.939089	0.405253	0.971288	0.799224	0.966849	0.507058	0.005816	0.007829	0.005988	0.009796
0	21	0	9	1587	78	4	0.950789	0.385310	0.971768	0.776661	0.978411	0.496111	0.005433	0.007762	0.005591	0.009995
0	21	0	10	1505	80	2	0.946809	0.364815	0.970424	0.753691	0.975665	0.484038	0.005787	0.007680	0.005963	0.010190
0	21	1	1	354	122	1	0.654880	0.654880	0.965841	0.965841	0.678041	0.678041	0.025285	0.025285	0.026180	0.026180
0	21	1	2	231	53	1	0.770065	0.504300	0.972552	0.939330	0.791799	0.536872	0.027716	0.026619	0.028498	0.028339
0	21	1	3	177	35	0	0.802260	0.404580	0.975961	0.916749	0.822020	0.441320	0.029938	0.026153	0.030675	0.028528
0	21	1	4	142	17	0	0.880282	0.356144	0.974661	0.893520	0.903167	0.398586	0.027242	0.025525	0.027951	0.028566
0	21	1	5	125	25	0	0.800000	0.284915	0.976475	0.872500	0.819273	0.326550	0.035777	0.024069	0.036639	0.027586
0	21	1	6	100	6	0	0.940000	0.267820	0.979059	0.854229	0.960105	0.313523	0.023749	0.023615	0.024257	0.027645
0	21	1	7	94	7	0	0.925532	0.247876	0.978428	0.835802	0.945937	0.296573	0.027078	0.023028	0.027675	0.027552
0	21	1	8	87	7	0	0.919540	0.227932	0.977349	0.816871	0.940851	0.279031	0.029162	0.022375	0.029838	0.027391
0	21	1	9	80	4	0	0.950000	0.216536	0.982488	0.802566	0.966933	0.269804	0.024367	0.021970	0.024801	0.027375
0	21	1	10	76	7	0	0.907895	0.196592	0.982660	0.788649	0.923916	0.249276	0.033171	0.021200	0.033756	0.026882
0	22	0	1	4098	1078	11	0.736591	0.736591	0.970446	0.970446	0.759023	0.759023	0.006885	0.006885	0.007095	0.007095
0	22	0	2	3009	354	4	0.882275	0.649876	0.973979	0.945194	0.905846	0.687558	0.005877	0.007460	0.006034	0.007892
0	22	0	3	2651	206	1	0.922279	0.599367	0.973468	0.920117	0.947415	0.651403	0.005200	0.007665	0.005342	0.008331
0	22	0	4	2444	168	4	0.931204	0.558133	0.972645	0.894947	0.957393	0.623649	0.005122	0.007770	0.005266	0.008682
0	22	0	5	2272	158	1	0.930442	0.519310	0.972001	0.869889	0.957245	0.596985	0.005338	0.007819	0.005492	0.008989
0	22	0	6	2113	137	4	0.935102	0.485608	0.972093	0.845613	0.961947	0.574268	0.005362	0.007824	0.005516	0.009252
0	22	0	7	1972	118	0	0.940162	0.456550	0.971799	0.821766	0.967445	0.555572	0.005341	0.007800	0.005496	0.009491
0	22	0	8	1854	126	7	0.931910	0.425464	0.972604	0.799253	0.958160	0.532327	0.005856	0.007745	0.006021	0.009690
0	22	0	9	1721	91	2	0.947093	0.402954	0.971319	0.776329	0.975059	0.519050	0.005397	0.007686	0.005557	0.009900
0	22	0	10	1628	88	2	0.945913	0.381159	0.972063	0.754641	0.973098	0.505087	0.005608	0.007613	0.005769	0.010089
0	22	1	1	380	125	0	0.671053	0.671053	0.962678	0.962678	0.697068	0.697068	0.024102	0.024102	0.025036	0.025036
0	22	1	2	255	45	0	0.823529	0.552632	0.971494	0.935237	0.847693	0.590900	0.023873	0.025507	0.024573	0.027273
0	22	1	3	210	43	0	0.795238	0.439474	0.972027	0.909075	0.818123	0.483429	0.027846	0.025461	0.028647	0.028007
0	22	1	4	167	22	1	0.867868	0.381405	0.977721	0.888822	0.887643	0.429113	0.026244	0.024925	0.026842	0.028043
0	22	1	5	144	12	1	0.916376	0.349511	0.982157	0.872963	0.933024	0.400373	0.023109	0.024483	0.023529	0.028045
0	22	1	6	131	16	0	0.877863	0.306822	0.983171	0.858273	0.892889	0.357488	0.028609	0.023705	0.029099	0.027619
0	22	1	7	115	7	0	0.939130	0.288146	0.983569	0.844170	0.954819	0.341337	0.022295	0.023289	0.022668	0.027588
0	22	1	8	108	5	0	0.953704	0.274806	0.984763	0.831307	0.968460	0.330571	0.020219	0.022962	0.020532	0.027622
0	22	1	9	103	2	0	0.980583	0.269470	0.983982	0.817992	0.996545	0.329429	0.013596	0.022824	0.013818	0.027903
0	22	1	10	101	8	0	0.920792	0.248126	0.983013	0.804097	0.936704	0.308577	0.026872	0.022229	0.027337	0.027645
0	23	0	1	4154	1052	6	0.746567	0.746567	0.970280	0.970280	0.769435	0.769435	0.006751	0.006751	0.006958	0.006958
0	23	0	2	3096	341	4	0.889787	0.664285	0.974091	0.945140	0.913454	0.702843	0.005630	0.007332	0.005780	0.007757
0	23	0	3	2751	210	1	0.923650	0.613567	0.973648	0.920233	0.948649	0.666752	0.005064	0.007561	0.005201	0.008217
0	23	0	4	2540	170	6	0.932992	0.572453	0.973150	0.895525	0.958734	0.639238	0.004964	0.007684	0.005101	0.008580
0	23	0	5	2364	157	2	0.933559	0.534419	0.973280	0.871597	0.959188	0.613149	0.005123	0.007750	0.005264	0.008892
0	23	0	6	2205	151	4	0.931457	0.497788	0.972852	0.847935	0.957449	0.587059	0.005383	0.007771	0.005534	0.009164
0	23	0	7	2050	120	2	0.941435	0.468635	0.973432	0.825407	0.967130	0.567763	0.005187	0.007758	0.005329	0.009399
0	23	0	8	1928	93	3	0.951726	0.446012	0.972231	0.802486	0.978909	0.555788	0.004883	0.007730	0.005023	0.009633
0	23	0	9	1832	105	1	0.942670	0.420442	0.972593	0.780492	0.969234	0.538689	0.005432	0.007679	0.005585	0.009839
0	23	0	10	1726	88	2	0.948986	0.398994	0.972256	0.758838	0.976066	0.525796	0.005298	0.007620	0.005449	0.010042
0	23	1	1	333	89	2	0.731928	0.731928	0.968340	0.968340	0.755858	0.755858	0.024310	0.024310	0.025105	0.025105
0	23	1	2	242	59	0	0.756198	0.553483	0.974328	0.943480	0.776123	0.586639	0.027601	0.027314	0.028328	0.028951
0	23	1	3	183	26	0	0.857923	0.474846	0.977286	0.922050	0.877863	0.514989	0.025808	0.027444	0.026408	0.029764
0	23	1	4	157	28	0	0.821656	0.390160	0.978082	0.901841	0.840069	0.432626	0.030551	0.026813	0.031236	0.029731
0	23	1	5	129	12	0	0.906977	0.353866	0.978499	0.882450	0.926906	0.401004	0.025574	0.026286	0.026136	0.029788
0	23	1	6	117	13	0	0.888889	0.314547	0.979887	0.864701	0.907134	0.363764	0.029054	0.025527	0.029651	0.029522
0	23	1	7	104	6	0	0.942308	0.296400	0.982019	0.849153	0.959562	0.349054	0.022863	0.025107	0.023282	0.029567
0	23	1	8	98	7	0	0.928571	0.275229	0.982948	0.834674	0.944680	0.329745	0.026015	0.024556	0.026467	0.029419
0	23	1	9	91	5	0	0.945055	0.260107	0.984339	0.821602	0.960091	0.316585	0.023888	0.024120	0.024268	0.029357
0	23	1	10	86	4	0	0.953488	0.248009	0.985142	0.809395	0.967869	0.306412	0.022709	0.023744	0.023051	0.029336
0	24	0	1	4219	1041	5	0.753113	0.753113	0.969657	0.969657	0.776680	0.776680	0.006641	0.006641	0.006848	0.006848
0	24	0	2	3173	337	5	0.893708	0.673063	0.973166	0.943637	0.918351	0.713264	0.005474	0.007226	0.005625	0.007658
0	24	0	3	2831	235	2	0.916961	0.617172	0.972588	0.917770	0.942805	0.672469	0.005187	0.007489	0.005333	0.008160
0	24	0	4	2594	161	3	0.937898	0.578844	0.972763	0.892773	0.964158	0.648367	0.004740	0.007609	0.004873	0.008523
0	24	0	5	2430	155	2	0.936188	0.541907	0.972379	0.868114	0.962780	0.624235	0.004959	0.007680	0.005100	0.008847
0	24	0	6	2273	152	2	0.933099	0.505653	0.972512	0.844251	0.959473	0.598936	0.005242	0.007709	0.005390	0.009131
0	24	0	7	2119	120	2	0.943343	0.477004	0.971681	0.820343	0.970836	0.581469	0.005023	0.007703	0.005170	0.009390
0	24	0	8	1997	102	3	0.948885	0.452622	0.972407	0.797707	0.975810	0.567404	0.004930	0.007678	0.005070	0.009625
0	24	0	9	1892	100	4	0.947090	0.428674	0.972369	0.775666	0.974003	0.552653	0.005149	0.007636	0.005295	0.009845
0	24	0	10	1788	86	2	0.951875	0.408044	0.971571	0.753615	0.979727	0.541449	0.005063	0.007586	0.005211	0.010066
0	24	1	1	376	114	1	0.696405	0.696405	0.967521	0.967521	0.719782	0.719782	0.023729	0.023729	0.024525	0.024525
0	24	1	2	261	56	0	0.785441	0.546985	0.977461	0.945714	0.803552	0.578383	0.025410	0.025700	0.025996	0.027175
0	24	1	3	205	32	0	0.843902	0.461602	0.978768	0.925634	0.862209	0.498687	0.025349	0.025742	0.025899	0.027810
0	24	1	4	173	21	1	0.878261	0.405407	0.977803	0.905088	0.898198	0.447919	0.024896	0.025361	0.025461	0.028021
0	24	1	5	151	10	0	0.933775	0.378559	0.979895	0.886892	0.952934	0.426837	0.020237	0.025063	0.020652	0.028259
0	24	1	6	141	13	0	0.907801	0.343656	0.980656	0.869735	0.925708	0.395127	0.024364	0.024550	0.024845	0.028227
0	24	1	7	128	8	1	0.937255	0.322093	0.981365	0.853528	0.955052	0.377367	0.021477	0.024165	0.021884	0.028311
0	24	1	8	119	8	1	0.932489	0.300349	0.982366	0.838477	0.949228	0.358207	0.023049	0.023725	0.023463	0.028295
0	24	1	9	110	5	0	0.954545	0.286696	0.985370	0.826210	0.968718	0.347002	0.019861	0.023419	0.020155	0.028345
0	24	1	10	105	5	0	0.952381	0.273044	0.987610	0.815973	0.964329	0.334624	0.020783	0.023086	0.021043	0.028292
0	25	0	1	4212	1041	1	0.752820	0.752820	0.970387	0.970387	0.775793	0.775793	0.006647	0.006647	0.006850	0.006850
0	25	0	2	3170	314	10	0.900790	0.678132	0.974722	0.945858	0.924150	0.716949	0.005314	0.007201	0.005452	0.007613
0	25	0	3	2846	208	2	0.926889	0.628554	0.974494	0.921733	0.951149	0.681926	0.004880	0.007450	0.005008	0.008083
0	25	0	4	2636	157	4	0.940395	0.591089	0.974562	0.898286	0.964941	0.658018	0.004613	0.007582	0.004733	0.008441
0	25	0	5	2475	124	4	0.949858	0.561450	0.974333	0.875230	0.974881	0.641489	0.004389	0.007655	0.004504	0.008746
0	25	0	6	2347	125	3	0.946706	0.531529	0.972883	0.851496	0.973094	0.624229	0.004638	0.007701	0.004767	0.009044
0	25	0	7	2219	114	2	0.948602	0.504209	0.973494	0.828927	0.974430	0.608268	0.004688	0.007718	0.004816	0.009311
0	25	0	8	2103	109	8	0.948071	0.478026	0.973313	0.806805	0.974066	0.592493	0.004843	0.007714	0.004976	0.009561
0	25	0	9	1986	94	4	0.952621	0.455378	0.972987	0.785011	0.979069	0.580091	0.004770	0.007694	0.004902	0.009801
0	25	0	10	1888	89	0	0.952860	0.433911	0.973617	0.764300	0.978681	0.567724	0.004878	0.007661	0.005010	0.010023
0	25	1	1	390	113	2	0.709512	0.709512	0.967610	0.967610	0.733262	0.733262	0.023018	0.023018	0.023789	0.023789
0	25	1	2	275	53	1	0.806922	0.572520	0.975415	0.943821	0.827260	0.606598	0.023824	0.025114	0.024424	0.026609
0	25	1	3	221	27	0	0.877828	0.502574	0.978244	0.923287	0.897351	0.544332	0.022029	0.025398	0.022519	0.027509
0	25	1	4	194	17	0	0.912371	0.458534	0.982957	0.907551	0.928191	0.505243	0.020301	0.025319	0.020653	0.027898
0	25	1	5	177	11	0	0.937853	0.430038	0.985730	0.894601	0.951430	0.480704	0.018146	0.025161	0.018409	0.028126
0	25	1	6	166	6	1	0.963746	0.414447	0.986392	0.882427	0.977042	0.469668	0.014530	0.025041	0.014730	0.028378
0	25	1	7	159	5	0	0.968553	0.401414	0.985785	0.869883	0.982520	0.461458	0.013840	0.024923	0.014040	0.028651
0	25	1	8	154	7	2	0.954248	0.383049	0.985179	0.856991	0.968604	0.446970	0.016892	0.024730	0.017146	0.028857
0	25	1	9	145	8	1	0.944637	0.361842	0.985456	0.844527	0.958578	0.428455	0.019024	0.024471	0.019305	0.028977
0	25	1	10	136	1	1	0.992620	0.359172	0.986107	0.832794	1.000000	0.428455	0.007353	0.024436	0.007456	0.028977
0	26	0	1	4287	998	10	0.766931	0.766931	0.970502	0.970502	0.790242	0.790242	0.006461	0.006461	0.006657	0.006657
0	26	0	2	3279	301	3	0.908162	0.696498	0.974312	0.945572	0.932105	0.736589	0.005045	0.007028	0.005178	0.007433
0	26	0	3	2975	201	4	0.932392	0.649409	0.974878	0.921817	0.956419	0.704487	0.004605	0.007296	0.004723	0.007915
0	26	0	4	2770	143	2	0.948357	0.615871	0.974900	0.898680	0.972774	0.685307	0.004206	0.007439	0.004314	0.008277
0	26	0	5	2625	150	6	0.942792	0.580638	0.973649	0.874998	0.968308	0.663588	0.004535	0.007549	0.004658	0.008627
0	26	0	6	2469	111	2	0.955024	0.554524	0.973798	0.852072	0.980721	0.650794	0.004172	0.007605	0.004284	0.008926
0	26	0	7	2356	126	5	0.946463	0.524836	0.973035	0.829096	0.972691	0.633022	0.004640	0.007644	0.004769	0.009220
0	26	0	8	2225	115	3	0.948280	0.497691	0.971846	0.805753	0.975751	0.617672	0.004697	0.007657	0.004833	0.009502
0	26	0	9	2107	101	5	0.952008	0.473806	0.972096	0.783270	0.979335	0.604908	0.004659	0.007649	0.004793	0.009766
0	26	0	10	2001	90	6	0.954955	0.452463	0.971699	0.761102	0.982769	0.594484	0.004640	0.007628	0.004775	0.010023
0	26	1	1	384	105	0	0.726563	0.726563	0.964394	0.964394	0.753388	0.753388	0.022746	0.022746	0.023586	0.023586
0	26	1	2	279	39	1	0.859964	0.624818	0.975274	0.940548	0.881767	0.664312	0.020794	0.024716	0.021322	0.026278
0	26	1	3	239	35	0	0.853556	0.533317	0.976139	0.918105	0.874421	0.580889	0.022869	0.025480	0.023428	0.027753
0	26	1	4	204	15	1	0.926290	0.494006	0.979681	0.899450	0.945502	0.549232	0.018317	0.025544	0.018697	0.028399
0	26	1	5	188	10	1	0.946667	0.467659	0.981212	0.882551	0.964793	0.529895	0.016410	0.025504	0.016724	0.028898
0	26	1	6	177	11	0	0.937853	0.438596	0.980524	0.865363	0.956482	0.506835	0.018146	0.025380	0.018507	0.029329
0	26	1	7	166	9	0	0.945783	0.414816	0.981373	0.849243	0.963735	0.488454	0.017576	0.025211	0.017909	0.029687
0	26	1	8	157	8	0	0.949045	0.393679	0.982060	0.834008	0.966381	0.472033	0.017550	0.025010	0.017871	0.029987
0	26	1	9	149	7	0	0.953020	0.375184	0.984166	0.820802	0.968353	0.457095	0.017335	0.024792	0.017613	0.030205
0	26	1	10	142	2	0	0.985915	0.369900	0.983120	0.806947	1.000000	0.457095	0.009889	0.024723	0.010059	0.030205
0	27	0	1	4350	917	14	0.788856	0.788856	0.970797	0.970797	0.812585	0.812585	0.006193	0.006193	0.006379	0.006379
0	27	0	2	3419	289	4	0.915423	0.722136	0.974513	0.946055	0.939364	0.763314	0.004760	0.006800	0.004885	0.007188
0	27	0	3	3126	194	4	0.937900	0.677292	0.974596	0.922022	0.962347	0.734573	0.004318	0.007099	0.004430	0.007699
0	27	0	4	2928	151	5	0.948385	0.642333	0.973596	0.897676	0.974105	0.715551	0.004091	0.007280	0.004201	0.008110
0	27	0	5	2772	141	6	0.949079	0.609625	0.974216	0.874530	0.974198	0.697089	0.004178	0.007412	0.004288	0.008476
0	27	0	6	2625	114	6	0.956522	0.583120	0.973846	0.851658	0.982211	0.684688	0.003983	0.007494	0.004090	0.008800
0	27	0	7	2505	130	5	0.948052	0.552828	0.972451	0.828195	0.974910	0.667509	0.004436	0.007561	0.004562	0.009130
0	27	0	8	2370	103	1	0.956531	0.528797	0.973076	0.805896	0.982997	0.656160	0.004189	0.007594	0.004305	0.009423
0	27	0	9	2266	100	4	0.955830	0.505440	0.972116	0.783424	0.983248	0.645168	0.004318	0.007610	0.004442	0.009713
0	27	0	10	2162	89	6	0.958777	0.484605	0.971382	0.761005	0.987024	0.636796	0.004279	0.007610	0.004405	0.010000
0	27	1	1	356	90	2	0.746479	0.746479	0.965002	0.965002	0.773551	0.773551	0.023089	0.023089	0.023926	0.023926
0	27	1	2	264	44	0	0.833333	0.622066	0.972416	0.938383	0.856972	0.662912	0.022937	0.025756	0.023587	0.027447
0	27	1	3	220	25	2	0.885845	0.551054	0.976018	0.915879	0.907611	0.601667	0.021488	0.026443	0.022016	0.028872
0	27	1	4	193	21	0	0.891192	0.491094	0.978555	0.896238	0.910722	0.547951	0.022415	0.026607	0.022906	0.029687
0	27	1	5	172	11	1	0.935860	0.459596	0.982277	0.880354	0.952746	0.522058	0.018708	0.026541	0.019046	0.030148
0	27	1	6	160	10	1	0.937304	0.430781	0.982395	0.864856	0.954101	0.498096	0.019195	0.026395	0.019539	0.030519
0	27	1	7	149	4	1	0.973064	0.419177	0.983786	0.850833	0.989101	0.492667	0.013285	0.026314	0.013504	0.030927
0	27	1	8	144	5	0	0.965278	0.404623	0.983782	0.837034	0.981191	0.483400	0.015256	0.026193	0.015508	0.031292
0	27	1	9	139	5	0	0.964029	0.390068	0.983127	0.822911	0.980574	0.474010	0.015795	0.026047	0.016066	0.031652
0	27	1	10	134	10	0	0.925373	0.360958	0.984079	0.809809	0.940345	0.445733	0.022701	0.025678	0.023069	0.031709
0	28	0	1	4524	982	7	0.782767	0.782767	0.970794	0.970794	0.806317	0.806317	0.006133	0.006133	0.006318	0.006318
0	28	0	2	3535	284	5	0.919604	0.719836	0.975739	0.947241	0.942469	0.759929	0.004575	0.006681	0.004689	0.007053
0	28	0	3	3246	188	8	0.942011	0.678093	0.974470	0.923058	0.966691	0.734616	0.004105	0.006953	0.004212	0.007532
0	28	0	4	3050	137	2	0.955067	0.647625	0.974680	0.899686	0.979878	0.719834	0.003752	0.007111	0.003849	0.007904
0	28	0	5	2911	136	3	0.953257	0.617352	0.974273	0.876540	0.978428	0.704306	0.003913	0.007237	0.004017	0.008256
0	28	0	6	2772	137	5	0.950533	0.586814	0.973327	0.853160	0.976581	0.687812	0.004120	0.007334	0.004233	0.008596
0	28	0	7	2630	114	4	0.956621	0.561358	0.973578	0.830618	0.982582	0.675832	0.003974	0.007393	0.004082	0.008901
0	28	0	8	2512	119	3	0.952599	0.534749	0.972412	0.807703	0.979625	0.662062	0.004241	0.007434	0.004361	0.009204
0	28	0	9	2390	100	5	0.958115	0.512351	0.971454	0.784646	0.986270	0.652972	0.004100	0.007453	0.004220	0.009498
0	28	0	10	2285	118	5	0.948302	0.485864	0.970615	0.761589	0.977012	0.637961	0.004635	0.007456	0.004775	0.009790
0	28	1	1	365	77	1	0.788752	0.788752	0.965543	0.965543	0.816900	0.816900	0.021381	0.021381	0.022144	0.022144
0	28	1	2	287	37	0	0.871080	0.687066	0.972536	0.939025	0.895679	0.731680	0.019781	0.024296	0.020340	0.025874
0	28	1	3	250	29	0	0.884000	0.607366	0.973422	0.914067	0.908137	0.664466	0.020253	0.025591	0.020806	0.027997
0	28	1	4	221	25	0	0.886878	0.538660	0.975082	0.891291	0.909542	0.604359	0.021306	0.026126	0.021851	0.029313
0	28	1	5	196	12	0	0.938776	0.505681	0.976435	0.870288	0.961431	0.581050	0.017124	0.026204	0.017538	0.030110
0	28	1	6	184	13	0	0.929348	0.469953	0.978033	0.851170	0.950221	0.552126	0.018890	0.026159	0.019315	0.030733
0	28	1	7	171	18	0	0.894737	0.420484	0.979612	0.833817	0.913358	0.504289	0.023469	0.025874	0.023957	0.031031
0	28	1	8	153	8	1	0.947541	0.398426	0.982221	0.818992	0.964693	0.486483	0.018054	0.025665	0.018381	0.031337
0	28	1	9	144	7	1	0.951220	0.378991	0.982138	0.804363	0.968520	0.471169	0.017982	0.025443	0.018309	0.031631
0	28	1	10	136	9	0	0.933824	0.353910	0.981991	0.789878	0.950949	0.448057	0.021316	0.025095	0.021707	0.031771
0	29	0	1	4680	983	9	0.789755	0.789755	0.971014	0.971014	0.813330	0.813330	0.005959	0.005959	0.006137	0.006137
0	29	0	2	3688	317	2	0.914022	0.721854	0.973896	0.945666	0.938522	0.763328	0.004617	0.006555	0.004740	0.006931
0	29	0	3	3369	192	10	0.942925	0.680654	0.974652	0.921695	0.967448	0.738480	0.004000	0.006822	0.004104	0.007401
0	29	0	4	3167	169	1	0.946629	0.644327	0.973769	0.897518	0.972129	0.717898	0.003994	0.007007	0.004102	0.007807
0	29	0	5	2997	135	2	0.954940	0.615293	0.972558	0.872889	0.981885	0.704893	0.003790	0.007123	0.003897	0.008160
0	29	0	6	2860	133	3	0.953472	0.586665	0.972363	0.848765	0.980572	0.691198	0.003940	0.007211	0.004051	0.008496
0	29	0	7	2724	136	4	0.950037	0.557353	0.971422	0.824509	0.977986	0.675982	0.004176	0.007275	0.004299	0.008824
0	29	0	8	2584	101	5	0.960875	0.535547	0.970263	0.799991	0.990324	0.669441	0.003816	0.007307	0.003933	0.009134
0	29	0	9	2478	134	6	0.945859	0.506552	0.969286	0.775420	0.975830	0.653261	0.004549	0.007328	0.004693	0.009451
0	29	0	10	2338	110	4	0.952911	0.482699	0.968717	0.751163	0.983683	0.642602	0.004383	0.007328	0.004524	0.009755
0	29	1	1	416	96	1	0.768953	0.768953	0.966289	0.966289	0.795779	0.795779	0.020678	0.020678	0.021400	0.021400
0	29	1	2	319	47	0	0.852665	0.655659	0.975012	0.942143	0.874517	0.695923	0.019845	0.023318	0.020353	0.024750
0	29	1	3	272	32	0	0.882353	0.578523	0.979523	0.922851	0.900798	0.626886	0.019536	0.024236	0.019944	0.026262
0	29	1	4	240	17	1	0.929019	0.537458	0.979686	0.904104	0.948282	0.594465	0.016593	0.024477	0.016937	0.027073
0	29	1	5	222	19	1	0.914221	0.491356	0.980041	0.886060	0.932839	0.554540	0.018816	0.024556	0.019199	0.027714
0	29	1	6	202	12	2	0.940299	0.462021	0.981318	0.869506	0.958200	0.531360	0.016712	0.024507	0.017030	0.028185
0	29	1	7	188	5	1	0.973333	0.449701	0.980844	0.852850	0.992343	0.527292	0.011766	0.024465	0.011995	0.028686
0	29	1	8	182	5	1	0.972452	0.437312	0.980107	0.835884	0.992190	0.523173	0.012149	0.024410	0.012396	0.029203
0	29	1	9	176	9	0	0.948864	0.414950	0.978789	0.818154	0.969426	0.507178	0.016604	0.024273	0.016964	0.029668
0	29	1	10	167	8	0	0.952096	0.395072	0.980920	0.802544	0.970615	0.492275	0.016526	0.024107	0.016847	0.030038
0	30	0	1	4580	932	15	0.796173	0.796173	0.970872	0.970872	0.820059	0.820059	0.005957	0.005957	0.006136	0.006136
0	30	0	2	3633	281	4	0.922611	0.734558	0.974639	0.946250	0.946618	0.776283	0.004434	0.006533	0.004550	0.006904
0	30	0	3	3348	191	8	0.942883	0.692602	0.974177	0.921815	0.967877	0.751346	0.004013	0.006829	0.004119	0.007408
0	30	0	4	3149	157	9	0.950072	0.658021	0.973335	0.897235	0.976099	0.733388	0.003884	0.007023	0.003990	0.007828
0	30	0	5	2983	131	4	0.956055	0.629104	0.973922	0.873837	0.981654	0.719934	0.003754	0.007155	0.003855	0.008188
0	30	0	6	2848	123	8	0.956751	0.601896	0.972767	0.850040	0.983535	0.708080	0.003814	0.007254	0.003921	0.008533
0	30	0	7	2717	148	5	0.945478	0.569080	0.971917	0.826168	0.972797	0.688818	0.004358	0.007343	0.004484	0.008887
0	30	0	8	2564	124	6	0.951581	0.541526	0.971949	0.802993	0.979045	0.674384	0.004242	0.007392	0.004364	0.009206
0	30	0	9	2434	131	6	0.946113	0.512344	0.971192	0.779861	0.974176	0.656969	0.004580	0.007421	0.004715	0.009515
0	30	0	10	2297	125	9	0.945474	0.484408	0.971247	0.757438	0.973464	0.639535	0.004742	0.007425	0.004882	0.009802
0	30	1	1	380	80	2	0.788918	0.788918	0.968086	0.968086	0.814926	0.814926	0.020961	0.020961	0.021652	0.021652
0	30	1	2	298	34	0	0.885906	0.698907	0.976012	0.944863	0.907680	0.739692	0.018417	0.023579	0.018870	0.024954
0	30	1	3	264	20	0	0.924242	0.645960	0.976320	0.922489	0.946659	0.700236	0.016286	0.024586	0.016681	0.026651
0	30	1	4	244	18	0	0.926230	0.598307	0.977410	0.901650	0.947637	0.663569	0.016734	0.025207	0.017121	0.027957
0	30	1	5	226	22	0	0.902655	0.540065	0.979150	0.882850	0.921876	0.611729	0.019718	0.025630	0.020138	0.029031
0	30	1	6	204	16	1	0.921376	0.497603	0.981272	0.866317	0.938960	0.574389	0.018867	0.025720	0.019228	0.029688
0	30	1	7	187	7	0	0.962567	0.478976	0.981875	0.850615	0.980335	0.563094	0.013881	0.025702	0.014137	0.030216
0	30	1	8	180	7	0	0.961111	0.460349	0.981553	0.834924	0.979174	0.551367	0.014410	0.025649	0.014681	0.030720
0	30	1	9	173	4	4	0.976608	0.449581	0.982334	0.820173	0.994172	0.548153	0.011558	0.025608	0.011766	0.031222
0	30	1	10	165	7	0	0.957576	0.430508	0.981555	0.805045	0.975571	0.534762	0.015691	0.025516	0.015986	0.031695
0	31	0	1	4628	972	15	0.789633	0.789633	0.971769	0.971769	0.812573	0.812573	0.005996	0.005996	0.006170	0.006170
0	31	0	2	3641	266	9	0.926853	0.731874	0.975639	0.948096	0.949996	0.771941	0.004318	0.006520	0.004426	0.006877
0	31	0	3	3366	186	4	0.944709	0.691407	0.974877	0.924277	0.969054	0.748052	0.003940	0.006801	0.004042	0.007358
0	31	0	4	3176	161	5	0.949267	0.656330	0.974449	0.900660	0.974158	0.728721	0.003896	0.006995	0.003998	0.007767
0	31	0	5	3010	159	8	0.947106	0.621614	0.973815	0.877076	0.972573	0.708735	0.004082	0.007147	0.004192	0.008148
0	31	0	6	2843	141	8	0.950335	0.590742	0.973442	0.853783	0.976262	0.691911	0.004077	0.007249	0.004189	0.008491
0	31	0	7	2694	129	5	0.952071	0.562428	0.973185	0.830889	0.978305	0.676900	0.004118	0.007318	0.004231	0.008807
0	31	0	8	2560	112	7	0.956190	0.537788	0.972588	0.808112	0.983140	0.665487	0.004048	0.007358	0.004162	0.009106
0	31	0	9	2441	104	6	0.957342	0.514847	0.971613	0.785172	0.985313	0.655713	0.004093	0.007380	0.004212	0.009400
0	31	0	10	2331	116	10	0.950129	0.489171	0.970589	0.762079	0.978920	0.641891	0.004513	0.007387	0.004650	0.009694
0	31	1	1	416	81	0	0.805288	0.805288	0.964910	0.964910	0.834573	0.834573	0.019414	0.019414	0.020120	0.020120
0	31	1	2	335	43	1	0.871450	0.701769	0.972036	0.937928	0.896520	0.748211	0.018300	0.022437	0.018827	0.023922
0	31	1	3	291	29	0	0.900344	0.631833	0.974394	0.913912	0.924004	0.691350	0.017559	0.023663	0.018021	0.025892
0	31	1	4	262	22	1	0.915870	0.578677	0.979481	0.895159	0.935056	0.646451	0.017166	0.024235	0.017525	0.027073
0	31	1	5	239	10	0	0.958159	0.554464	0.980376	0.877593	0.977338	0.631801	0.012952	0.024400	0.013211	0.027803
0	31	1	6	229	18	1	0.921225	0.510787	0.980478	0.860461	0.939567	0.593620	0.017821	0.024554	0.018176	0.028536
0	31	1	7	210	10	2	0.952153	0.486347	0.983638	0.846382	0.967992	0.574619	0.014764	0.024565	0.015010	0.029024
0	31	1	8	198	8	1	0.959494	0.466647	0.983792	0.832663	0.975302	0.560427	0.014028	0.024538	0.014259	0.029469
0	31	1	9	189	7	1	0.962865	0.449318	0.984723	0.819943	0.977803	0.547987	0.013773	0.024485	0.013986	0.029862
0	31	1	10	181	8	2	0.955556	0.429348	0.984621	0.807333	0.970481	0.531811	0.015360	0.024394	0.015600	0.030215
0	32	0	1	4884	989	21	0.797066	0.797066	0.973134	0.973134	0.819071	0.819071	0.005761	0.005761	0.005920	0.005920
0	32	0	2	3874	280	6	0.927667	0.739412	0.976050	0.949827	0.950430	0.778470	0.004163	0.006291	0.004266	0.006623
0	32	0	3	3588	195	10	0.945576	0.699170	0.976500	0.927506	0.968332	0.753817	0.003790	0.006575	0.003881	0.007089
0	32	0	4	3383	163	9	0.951754	0.665438	0.975558	0.904836	0.975599	0.735424	0.003687	0.006768	0.003779	0.007480
0	32	0	5	3211	160	8	0.950109	0.632239	0.974933	0.882155	0.974538	0.716698	0.003845	0.006921	0.003943	0.007845
0	32	0	6	3043	123	8	0.959526	0.606650	0.974389	0.859562	0.984746	0.705766	0.003575	0.007015	0.003669	0.008161
0	32	0	7	2912	134	6	0.953936	0.578705	0.973133	0.836468	0.980273	0.691843	0.003887	0.007095	0.003994	0.008482
0	32	0	8	2772	131	19	0.952579	0.551262	0.972195	0.813211	0.979823	0.677884	0.004044	0.007152	0.004159	0.008795
0	32	0	9	2622	119	14	0.954493	0.526176	0.971627	0.790138	0.982366	0.665930	0.004076	0.007187	0.004195	0.009096
0	32	0	10	2489	105	23	0.957619	0.503876	0.971166	0.767355	0.986051	0.656640	0.004047	0.007204	0.004168	0.009388
0	32	1	1	407	74	4	0.817284	0.817284	0.970068	0.970068	0.842501	0.842501	0.019202	0.019202	0.019795	0.019795
0	32	1	2	329	36	0	0.890578	0.727855	0.977747	0.948481	0.910847	0.767389	0.017210	0.022142	0.017602	0.023345
0	32	1	3	293	26	0	0.911263	0.663267	0.979294	0.928842	0.930530	0.714079	0.016613	0.023523	0.016964	0.025325
0	32	1	4	267	20	0	0.925094	0.613584	0.980311	0.910554	0.943674	0.673858	0.016110	0.024243	0.016434	0.026624
0	32	1	5	247	14	1	0.943205	0.578735	0.981576	0.893778	0.960909	0.647516	0.014742	0.024590	0.015018	0.027513
0	32	1	6	232	15	1	0.935205	0.541236	0.984724	0.880125	0.949713	0.614954	0.016179	0.024830	0.016430	0.028212
0	32	1	7	216	10	0	0.953704	0.516179	0.984926	0.866858	0.968300	0.595460	0.014297	0.024913	0.014516	0.028739
0	32	1	8	206	6	1	0.970803	0.501108	0.985474	0.854265	0.985113	0.586595	0.011744	0.024934	0.011917	0.029187
0	32	1	9	199	5	0	0.974874	0.488518	0.985538	0.841911	0.989180	0.580248	0.011094	0.024935	0.011257	0.029617
0	32	1	10	194	7	1	0.963824	0.470845	0.984887	0.829187	0.978614	0.567839	0.013424	0.024911	0.013630	0.030043
0	33	0	1	4840	864	21	0.821099	0.821099	0.972533	0.972533	0.844289	0.844289	0.005515	0.005515	0.005671	0.005671
0	33	0	2	3955	324	10	0.917975	0.753749	0.976507	0.949686	0.940059	0.793682	0.004366	0.006203	0.004471	0.006532
0	33	0	3	3621	211	8	0.941664	0.709778	0.975934	0.926831	0.964885	0.765812	0.003897	0.006539	0.003993	0.007055
0	33	0	4	3402	157	12	0.953769	0.676964	0.975833	0.904432	0.977389	0.748497	0.003603	0.006740	0.003693	0.007453
0	33	0	5	3233	144	12	0.955377	0.646756	0.975469	0.882245	0.979403	0.733080	0.003635	0.006894	0.003726	0.007814
0	33	0	6	3077	116	10	0.962240	0.622334	0.974994	0.860184	0.986919	0.723490	0.003439	0.006996	0.003527	0.008134
0	33	0	7	2951	137	21	0.953409	0.593339	0.974527	0.838273	0.978330	0.707812	0.003887	0.007095	0.003988	0.008464
0	33	0	8	2793	116	18	0.958333	0.568617	0.973614	0.816154	0.984305	0.696703	0.003787	0.007161	0.003890	0.008775
0	33	0	9	2659	108	19	0.959238	0.545439	0.973030	0.794143	0.985825	0.686827	0.003842	0.007208	0.003948	0.009077
0	33	0	10	2532	125	53	0.950110	0.518226	0.971754	0.771711	0.977727	0.671529	0.004350	0.007248	0.004476	0.009392
0	33	1	1	435	83	2	0.808756	0.808756	0.971903	0.971903	0.832137	0.832137	0.018878	0.018878	0.019424	0.019424
0	33	1	2	350	40	0	0.885714	0.716327	0.978453	0.950961	0.905219	0.753266	0.017006	0.021651	0.017381	0.022767
0	33	1	3	310	21	0	0.932258	0.667801	0.978767	0.930769	0.952482	0.717472	0.014273	0.022626	0.014583	0.024309
0	33	1	4	289	20	1	0.930676	0.621506	0.980236	0.912374	0.949441	0.681197	0.014954	0.023305	0.015256	0.025544
0	33	1	5	268	13	0	0.951493	0.591359	0.980959	0.895001	0.969962	0.660735	0.013123	0.023627	0.013378	0.026399
0	33	1	6	255	9	1	0.964637	0.570446	0.981227	0.878199	0.983092	0.649564	0.011578	0.023798	0.011799	0.027098
0	33	1	7	245	12	2	0.950820	0.542392	0.981103	0.861604	0.969133	0.629514	0.013844	0.023966	0.014110	0.027815
0	33	1	8	231	8	0	0.965368	0.523607	0.979668	0.844086	0.985403	0.620325	0.012030	0.024038	0.012280	0.028479
0	33	1	9	223	7	3	0.968397	0.507060	0.979523	0.826802	0.988642	0.613279	0.011754	0.024079	0.012000	0.029123
0	33	1	10	213	9	5	0.957245	0.485380	0.979308	0.809693	0.977470	0.599462	0.013944	0.024109	0.014238	0.029776
0	34	0	1	4887	879	25	0.819674	0.819674	0.973507	0.973507	0.841980	0.841980	0.005507	0.005507	0.005656	0.005656
0	34	0	2	3983	297	17	0.925274	0.758423	0.976190	0.950328	0.947841	0.798064	0.004171	0.006136	0.004273	0.006457
0	34	0	3	3669	191	9	0.947878	0.718892	0.975232	0.926791	0.971951	0.775679	0.003672	0.006448	0.003765	0.006958
0	34	0	4	3469	163	5	0.952979	0.685089	0.974691	0.903335	0.977723	0.758400	0.003595	0.006667	0.003689	0.007380
0	34	0	5	3301	144	12	0.956297	0.655149	0.973555	0.879446	0.982274	0.744956	0.003561	0.006826	0.003658	0.007762
0	34	0	6	3145	163	15	0.948048	0.621112	0.973680	0.856299	0.973675	0.725345	0.003962	0.006973	0.004069	0.008143
0	34	0	7	2967	123	15	0.958439	0.595298	0.972835	0.833037	0.985202	0.714612	0.003669	0.007061	0.003771	0.008476
0	34	0	8	2829	112	34	0.960171	0.571588	0.972128	0.809819	0.987700	0.705822	0.003688	0.007126	0.003794	0.008800
0	34	0	9	2683	113	65	0.957367	0.547219	0.970959	0.786301	0.986001	0.695941	0.003924	0.007182	0.004042	0.009133
0	34	0	10	2505	61	2444	.	.	0.969967	0.762686	.	.	.	.	.	.
0	34	1	1	436	77	2	0.822989	0.822989	0.971679	0.971679	0.846975	0.846975	0.018300	0.018300	0.018833	0.018833
0	34	1	2	357	43	3	0.879044	0.723443	0.975538	0.947910	0.901086	0.763198	0.017294	0.021479	0.017728	0.022659
0	34	1	3	311	28	2	0.909677	0.658100	0.978316	0.927356	0.929840	0.709652	0.016280	0.022814	0.016641	0.024601
0	34	1	4	281	20	0	0.928826	0.611260	0.979597	0.908434	0.948172	0.672872	0.015338	0.023472	0.015658	0.025838
0	34	1	5	261	12	0	0.954023	0.583156	0.981688	0.891799	0.971819	0.653909	0.012964	0.023753	0.013206	0.026635
0	34	1	6	249	15	1	0.939638	0.547955	0.981180	0.875016	0.957661	0.626223	0.015108	0.023996	0.015398	0.027423
0	34	1	7	233	9	1	0.961290	0.526744	0.982511	0.859713	0.978401	0.612698	0.012651	0.024086	0.012876	0.028016
0	34	1	8	223	13	2	0.941441	0.495899	0.982601	0.844755	0.958112	0.587033	0.015759	0.024147	0.016038	0.028585
0	34	1	9	208	7	2	0.966184	0.479129	0.983250	0.830605	0.982643	0.576844	0.012563	0.024148	0.012777	0.029073
0	34	1	10	199	5	194	.	.	0.983984	0.817302	.	.	.	.	.	.
0	35	0	1	5040	883	23	0.824401	0.824401	0.974267	0.974267	0.846175	0.846175	0.005366	0.005366	0.005507	0.005507
0	35	0	2	4134	322	21	0.921911	0.760024	0.976768	0.951633	0.943838	0.798652	0.004178	0.006028	0.004278	0.006334
0	35	0	3	3791	188	14	0.950317	0.722264	0.976252	0.929034	0.973435	0.777436	0.003532	0.006326	0.003618	0.006809
0	35	0	4	3589	187	10	0.947824	0.684579	0.975549	0.906318	0.971579	0.755341	0.003715	0.006569	0.003808	0.007248
0	35	0	5	3392	127	13	0.962487	0.658898	0.975095	0.883747	0.987070	0.745574	0.003266	0.006706	0.003349	0.007588
0	35	0	6	3252	159	22	0.950941	0.626574	0.974493	0.861205	0.975832	0.727555	0.003794	0.006850	0.003893	0.007954
0	35	0	7	3071	125	28	0.959110	0.600953	0.974258	0.839036	0.984452	0.716242	0.003582	0.006942	0.003676	0.008274
0	35	0	8	2918	135	61	0.953247	0.572857	0.973282	0.816618	0.979415	0.701498	0.003929	0.007026	0.004037	0.008604
0	35	0	9	2722	65	2657	.	.	0.972438	0.794111	.	.	.	.	.	.
0	35	1	1	447	66	3	0.851852	0.851852	0.973569	0.973569	0.874978	0.874978	0.016831	0.016831	0.017288	0.017288
0	35	1	2	378	32	3	0.915007	0.779450	0.976370	0.950564	0.937152	0.819987	0.014372	0.019674	0.014720	0.020697
0	35	1	3	343	26	3	0.923865	0.720107	0.977524	0.929199	0.945108	0.774976	0.014352	0.021342	0.014682	0.022969
0	35	1	4	314	15	1	0.952153	0.685652	0.978438	0.909164	0.973136	0.754157	0.012055	0.022098	0.012320	0.024306
0	35	1	5	298	21	0	0.929530	0.637334	0.977654	0.888848	0.950776	0.717034	0.014826	0.022918	0.015165	0.025784
0	35	1	6	277	11	1	0.960217	0.611979	0.980078	0.871140	0.979736	0.702504	0.011754	0.023247	0.011993	0.026685
0	35	1	7	265	16	0	0.939623	0.575030	0.980507	0.854159	0.958302	0.673211	0.014632	0.023607	0.014922	0.027638
0	35	1	8	249	17	5	0.931034	0.535372	0.980276	0.837312	0.949767	0.639394	0.016140	0.023858	0.016464	0.028494
0	35	1	9	227	6	221	.	.	0.980512	0.820994	.	.	.	.	.	.
0	36	0	1	4723	869	38	0.815264	0.815264	0.973710	0.973710	0.837276	0.837276	0.005658	0.005658	0.005811	0.005811
0	36	0	2	3816	251	16	0.934086	0.761526	0.977276	0.951583	0.955806	0.800274	0.004021	0.006219	0.004114	0.006536
0	36	0	3	3549	177	14	0.950028	0.723472	0.976322	0.929051	0.973068	0.778721	0.003661	0.006533	0.003750	0.007032
0	36	0	4	3358	161	13	0.951962	0.688717	0.976106	0.906853	0.975265	0.759459	0.003694	0.006769	0.003784	0.007465
0	36	0	5	3184	134	28	0.957729	0.659604	0.975083	0.884256	0.982202	0.745942	0.003574	0.006935	0.003665	0.007842
0	36	0	6	3022	154	43	0.948675	0.625750	0.974563	0.861764	0.973436	0.726127	0.004028	0.007095	0.004133	0.008233
0	36	0	7	2825	116	69	0.958430	0.599738	0.973502	0.838929	0.984518	0.714886	0.003779	0.007200	0.003881	0.008582
0	36	0	8	2640	74	2566	.	.	0.972802	0.816111	.	.	.	.	.	.
0	36	1	1	476	62	3	0.869336	0.869336	0.974080	0.974080	0.892469	0.892469	0.015472	0.015472	0.015884	0.015884
0	36	1	2	411	31	1	0.924482	0.803686	0.979040	0.953663	0.944275	0.842736	0.013041	0.018252	0.013320	0.019139
0	36	1	3	379	22	2	0.941799	0.756911	0.978456	0.933117	0.962536	0.811163	0.012042	0.019727	0.012307	0.021141
0	36	1	4	355	17	1	0.952045	0.720613	0.979364	0.913861	0.972106	0.788537	0.011348	0.020652	0.011588	0.022599
0	36	1	5	337	18	1	0.946508	0.682066	0.980314	0.895871	0.965515	0.761344	0.012266	0.021453	0.012513	0.023946
0	36	1	6	318	14	1	0.955906	0.651991	0.979927	0.877888	0.975486	0.742681	0.011522	0.021961	0.011758	0.025016
0	36	1	7	303	15	8	0.949833	0.619282	0.980819	0.861050	0.968408	0.719218	0.012624	0.022425	0.012871	0.026043
0	36	1	8	280	2	278	.	.	0.980078	0.843896	.	.	.	.	.	.
0	37	0	1	4937	873	35	0.822543	0.822543	0.974500	0.974500	0.844066	0.844066	0.005447	0.005447	0.005590	0.005590
0	37	0	2	4029	286	10	0.928926	0.764082	0.976615	0.951712	0.951169	0.802850	0.004051	0.006058	0.004148	0.006366
0	37	0	3	3733	183	20	0.950846	0.726524	0.976381	0.929234	0.973847	0.781853	0.003543	0.006365	0.003629	0.006850
0	37	0	4	3530	136	31	0.961303	0.698410	0.975308	0.906289	0.985640	0.770626	0.003253	0.006559	0.003336	0.007238
0	37	0	5	3363	151	42	0.954817	0.666854	0.974539	0.883214	0.979763	0.755031	0.003593	0.006747	0.003687	0.007639
0	37	0	6	3170	122	92	0.960948	0.640812	0.973505	0.859813	0.987101	0.745292	0.003466	0.006883	0.003560	0.008005
0	37	0	7	2956	72	2884	.	.	0.972383	0.836068	.	.	.	.	.	.
0	37	1	1	444	61	5	0.861835	0.861835	0.976201	0.976201	0.882846	0.882846	0.016423	0.016423	0.016823	0.016823
0	37	1	2	378	32	5	0.914780	0.788389	0.976945	0.953695	0.936368	0.826668	0.014409	0.019491	0.014749	0.020437
0	37	1	3	341	29	4	0.914454	0.720946	0.978826	0.933502	0.934235	0.772303	0.015191	0.021474	0.015519	0.023003
0	37	1	4	308	14	3	0.954323	0.688015	0.979951	0.914786	0.973848	0.752105	0.011926	0.022223	0.012170	0.024293
0	37	1	5	291	12	4	0.958478	0.659447	0.980647	0.897082	0.977393	0.735102	0.011735	0.022779	0.011967	0.025393
0	37	1	6	275	10	9	0.963031	0.635068	0.980798	0.879856	0.981886	0.721787	0.011472	0.023205	0.011697	0.026374
0	37	1	7	256	5	251	.	.	0.980622	0.862806	.	.	.	.	.	.
0	38	0	1	4782	828	44	0.826050	0.826050	0.974303	0.974303	0.847837	0.847837	0.005494	0.005494	0.005639	0.005639
0	38	0	2	3910	279	24	0.928425	0.766926	0.977825	0.952698	0.949479	0.805004	0.004129	0.006136	0.004223	0.006441
0	38	0	3	3607	173	25	0.951871	0.730014	0.976890	0.930681	0.974389	0.784387	0.003570	0.006451	0.003654	0.006931
0	38	0	4	3409	140	52	0.958617	0.699804	0.976785	0.909076	0.981400	0.769797	0.003424	0.006670	0.003506	0.007337
0	38	0	5	3217	126	79	0.960346	0.672054	0.975627	0.886918	0.984338	0.757740	0.003462	0.006848	0.003548	0.007721
0	38	0	6	3012	67	2945	.	.	0.974412	0.864224	.	.	.	.	.	.
0	38	1	1	484	74	1	0.846949	0.846949	0.975455	0.975455	0.868260	0.868260	0.016374	0.016374	0.016786	0.016786
0	38	1	2	409	31	3	0.923926	0.782519	0.977999	0.953994	0.944711	0.820255	0.013133	0.018777	0.013429	0.019683
0	38	1	3	375	36	3	0.903614	0.707095	0.978513	0.933495	0.923457	0.757471	0.015270	0.020753	0.015606	0.022231
0	38	1	4	336	11	6	0.966967	0.683738	0.979503	0.914361	0.987202	0.747777	0.009794	0.021229	0.009999	0.023217
0	38	1	5	319	10	5	0.968404	0.662135	0.980589	0.896613	0.987574	0.738484	0.009832	0.021629	0.010027	0.024123
0	38	1	6	304	6	298	.	.	0.980019	0.878698	.	.	.	.	.	.
0	39	0	1	5140	945	58	0.815105	0.815105	0.973425	0.973425	0.837358	0.837358	0.005430	0.005430	0.005578	0.005578
0	39	0	2	4137	281	47	0.931688	0.759424	0.976283	0.950338	0.954322	0.799109	0.003933	0.005990	0.004029	0.006303
0	39	0	3	3809	161	50	0.957452	0.727112	0.975438	0.926996	0.981562	0.784375	0.003281	0.006253	0.003364	0.006745
0	39	0	4	3598	173	70	0.951445	0.691807	0.974113	0.902998	0.976730	0.766123	0.003601	0.006500	0.003696	0.007198
0	39	0	5	3355	75	3280	.	.	0.973213	0.878809	.	.	.	.	.	.
0	39	1	1	479	81	6	0.829832	0.829832	0.975069	0.975069	0.851049	0.851049	0.017224	0.017224	0.017664	0.017664
0	39	1	2	392	39	2	0.900256	0.747061	0.979138	0.954728	0.919437	0.782486	0.015154	0.019964	0.015477	0.020911
0	39	1	3	351	32	0	0.908832	0.678953	0.980648	0.936252	0.926767	0.725182	0.015364	0.021470	0.015667	0.022932
0	39	1	4	319	26	7	0.917591	0.623001	0.981292	0.918737	0.935084	0.678106	0.015481	0.022329	0.015777	0.024304
0	39	1	5	286	10	276	.	.	0.981623	0.901853	.	.	.	.	.	.
0	40	0	1	5106	879	59	0.826849	0.826849	0.974359	0.974359	0.848608	0.848608	0.005311	0.005311	0.005450	0.005450
0	40	0	2	4168	271	60	0.934509	0.772698	0.976976	0.951926	0.956532	0.811721	0.003846	0.005894	0.003936	0.006192
0	40	0	3	3837	191	95	0.949598	0.733753	0.975921	0.929004	0.973027	0.789827	0.003554	0.006234	0.003642	0.006711
0	40	0	4	3551	59	3492	.	.	0.975053	0.905828	.	.	.	.	.	.
0	40	1	1	486	73	5	0.849018	0.849018	0.976959	0.976959	0.869041	0.869041	0.016283	0.016283	0.016667	0.016667
0	40	1	2	408	28	10	0.930521	0.790029	0.978278	0.955738	0.951182	0.826616	0.012666	0.018580	0.012947	0.019440
0	40	1	3	370	28	5	0.923810	0.729836	0.978731	0.935411	0.943885	0.780231	0.013839	0.020350	0.014140	0.021756
0	40	1	4	337	8	329	.	.	0.979435	0.916174	.	.	.	.	.	.
0	41	0	1	5151	857	140	0.831332	0.831332	0.973893	0.973893	0.853618	0.853618	0.005253	0.005253	0.005394	0.005394
0	41	0	2	4154	294	141	0.928003	0.771479	0.976729	0.951230	0.950113	0.811033	0.004045	0.005922	0.004141	0.006226
0	41	0	3	3719	96	3623	.	.	0.975801	0.928211	.	.	.	.	.	.
0	41	1	1	552	76	11	0.860933	0.860933	0.977490	0.977490	0.880759	0.880759	0.014801	0.014801	0.015142	0.015142
0	41	1	2	465	38	12	0.917211	0.789658	0.981792	0.959691	0.934222	0.822825	0.012862	0.017519	0.013101	0.018255
0	41	1	3	415	14	401	.	.	0.982154	0.942565	.	.	.	.	.	.
0	42	0	1	5158	875	198	0.827041	0.827041	0.974087	0.974087	0.849043	0.849043	0.005317	0.005317	0.005459	0.005459
0	42	0	2	4085	151	3934	.	.	0.976997	0.951680	.	.	.	.	.	.
0	42	1	1	535	93	20	0.822857	0.822857	0.976884	0.976884	0.842328	0.842328	0.016663	0.016663	0.017057	0.017057
0	42	1	2	422	19	403	.	.	0.980061	0.957406	.	.	.	.	.	.
